0 180 134104044685234520064.00
0 161.805 606121227839053.75
0 180 134104044685234520064.00
0 161.805 4982244415542.99
0 180 47783940569050175157522723091022987402426896911567814060408832.00
0 161.805 515140174314527745114112.00
0 180 54933012960663731686715052480954969388250665209603140427448320.00
0 180 104450334656834412355256621901602118801876047085680795623517847552.00
0 161.805 2812962411.22
0 161.805 12937202585.59
0 154.158 2774645323.86
0 154.158 14259342890.73
0 148.212 3213437089.38
0 148.212 11265487911.30
0 62.1865 2700366605.05
0 143.13 2863652665.10
0 70.0035 12137666188.15
0 143.13 12485222164.71
0 138.59 3191997445.11
0 134.427 3005635847.43
0 138.59 12125457584.09
0 62.1865 6877.90
0 62.1865 6877.90
0 62.1865 6877.90
0 117.814 6876.51
