0.000192145 2.31791e-28 7.73617e-27
0.00038429 4.61049e-27 4.44579e-27
0.000576435 2.8841e-27 3.36627e-27
0.00076858 4.14599e-28 2.82627e-27
0.000960725 4.2969e-27 2.45485e-27
0.00115287 6.37104e-27 2.21453e-27
0.00134501 2.91359e-27 2.0691e-27
0.00153716 5.08346e-27 1.92913e-27
0.0017293 3.04473e-28 1.86334e-27
0.00192145 1.38731e-27 1.78326e-27
0.00211359 8.43307e-28 1.71305e-27
0.00230574 3.65849e-28 1.66274e-27
0.00249788 1.14419e-28 1.61691e-27
0.00269003 7.07477e-28 1.57082e-27
0.00288217 1.85682e-27 1.52814e-27
0.00307432 4.51549e-28 1.50715e-27
0.00326646 1.31007e-27 1.47335e-27
0.00345861 3.15841e-27 1.43906e-27
0.00365075 2.11227e-27 1.42516e-27
0.0038429 3.58736e-28 1.43429e-27
0.00403504 3.1567e-28 1.39994e-27
0.00422719 2.01229e-27 1.37087e-27
0.00441933 4.41318e-28 1.37462e-27
0.00461148 3.26918e-28 1.35603e-27
0.00480362 1.39436e-27 1.33386e-27
0.00499577 9.62159e-29 1.33132e-27
0.00518791 7.08792e-28 1.32665e-27
0.00538006 1.45627e-27 1.30908e-27
0.0055722 2.38741e-28 1.30847e-27
0.00576435 3.114e-27 1.28261e-27
0.00595649 5.45152e-30 1.29911e-27
0.00614864 7.95199e-28 1.29515e-27
0.00634078 1.95964e-27 1.2757e-27
0.00653293 5.26749e-28 1.27794e-27
0.00672507 2.11284e-28 1.27606e-27
0.00691722 9.21138e-28 1.28965e-27
0.00710936 9.60121e-28 1.26672e-27
0.00730151 8.79483e-28 1.26516e-27
0.00749365 1.21942e-27 1.26603e-27
0.0076858 1.92103e-30 1.27265e-27
0.00787794 1.26294e-27 1.26035e-27
0.00807009 1.58899e-27 1.23751e-27
0.00826223 2.76823e-27 1.22242e-27
0.00845438 7.14356e-29 1.23539e-27
0.00864652 1.34915e-28 1.23485e-27
0.00883867 7.39003e-28 1.22983e-27
0.00903081 1.5197e-27 1.23051e-27
0.00922296 4.33617e-28 1.24931e-27
0.0094151 7.43791e-29 1.22441e-27
0.00960725 3.15514e-28 1.21199e-27
0.00979939 1.51122e-27 1.21136e-27
0.00999154 2.07568e-28 1.21717e-27
0.0101837 6.95261e-28 1.21287e-27
0.0103758 4.96491e-28 1.20957e-27
0.010568 7.64034e-28 1.21153e-27
0.0107601 3.05765e-27 1.18911e-27
0.0109523 1.22286e-27 1.20012e-27
0.0111444 1.72438e-27 1.19587e-27
0.0113366 9.83207e-28 1.21548e-27
0.0115287 7.9962e-28 1.19935e-27
0.0117208 1.21403e-27 1.19273e-27
0.011913 3.06982e-27 1.18244e-27
0.0121051 5.66147e-28 1.20309e-27
0.0122973 1.78303e-27 1.18675e-27
0.0124894 1.14863e-27 1.1903e-27
0.0126816 4.64332e-28 1.2036e-27
0.0128737 5.96033e-28 1.1988e-27
0.0130659 1.77546e-27 1.18666e-27
0.013258 6.46832e-28 1.21123e-27
0.0134501 9.7976e-28 1.20056e-27
0.0136423 2.9043e-28 1.20631e-27
0.0138344 7.62099e-28 1.20373e-27
0.0140266 2.98628e-28 1.21778e-27
0.0142187 1.91624e-27 1.21479e-27
0.0144109 3.86224e-28 1.21183e-27
0.014603 5.12375e-29 1.21134e-27
0.0147952 3.47452e-28 1.24068e-27
0.0149873 2.02994e-27 1.20158e-27
0.0151795 1.04219e-27 1.208e-27
0.0153716 1.18985e-27 1.21159e-27
0.0155637 4.75058e-28 1.20471e-27
0.0157559 1.01792e-28 1.20696e-27
0.015948 7.35674e-28 1.20459e-27
0.0161402 2.38768e-27 1.1867e-27
0.0163323 2.03875e-27 1.18987e-27
0.0165245 1.62624e-28 1.1997e-27
0.0167166 1.03674e-28 1.20031e-27
0.0169088 3.34751e-28 1.19247e-27
0.0171009 4.21585e-27 1.16472e-27
0.017293 2.5517e-27 1.17955e-27
0.0174852 4.19662e-28 1.19999e-27
0.0176773 1.54574e-27 1.19039e-27
0.0178695 1.66018e-27 1.19244e-27
0.0180616 2.02145e-27 1.19186e-27
0.0182538 3.23139e-28 1.21238e-27
0.0184459 2.06013e-27 1.19306e-27
0.0186381 4.90082e-28 1.19976e-27
0.0188302 1.10969e-27 1.20109e-27
0.0190224 4.43973e-28 1.19978e-27
0.0192145 1.8856e-28 1.19632e-27
0.0194066 1.69637e-27 1.18473e-27
0.0195988 1.47601e-27 1.18366e-27
0.0197909 2.50464e-28 1.20354e-27
0.0199831 3.09049e-28 1.19273e-27
0.0201752 5.71565e-27 1.15453e-27
0.0203674 2.84826e-28 1.18052e-27
0.0205595 6.01966e-27 1.13754e-27
0.0207517 1.4751e-29 1.17648e-27
0.0209438 1.78296e-27 1.16376e-27
0.0211359 8.76045e-29 1.18121e-27
0.0213281 5.95637e-28 1.17608e-27
0.0215202 5.82585e-28 1.16695e-27
0.0217124 3.71101e-28 1.16907e-27
0.0219045 4.07462e-29 1.1804e-27
0.0220967 2.32954e-28 1.16761e-27
0.0222888 1.45073e-27 1.15869e-27
0.022481 1.07011e-27 1.17007e-27
0.0226731 3.43226e-28 1.20474e-27
0.0228653 2.30684e-27 1.16433e-27
0.0230574 6.03059e-28 1.16421e-27
0.0232495 1.84531e-27 1.15115e-27
0.0234417 2.59972e-29 1.16251e-27
0.0236338 6.97107e-28 1.16707e-27
0.023826 4.89576e-29 1.1636e-27
0.0240181 1.22676e-28 1.16384e-27
0.0242103 3.16276e-28 1.1695e-27
0.0244024 1.09454e-27 1.15524e-27
0.0245946 2.79709e-28 1.17368e-27
0.0247867 1.43341e-27 1.15185e-27
0.0249788 2.79851e-27 1.15867e-27
0.025171 3.99624e-28 1.15799e-27
0.0253631 1.0356e-27 1.15923e-27
0.0255553 3.6288e-28 1.16394e-27
0.0257474 7.62789e-28 1.1664e-27
0.0259396 2.93085e-28 1.17489e-27
0.0261317 2.6417e-28 1.17706e-27
0.0263239 8.85795e-28 1.17139e-27
0.026516 2.9322e-27 1.16928e-27
0.0267082 9.67919e-28 1.18049e-27
0.0269003 3.31981e-28 1.16643e-27
0.0270924 1.9852e-27 1.15033e-27
0.0272846 1.16812e-27 1.20912e-27
0.0274767 5.57646e-28 1.16331e-27
0.0276689 6.09961e-29 1.1703e-27
0.027861 5.07725e-28 1.17631e-27
0.0280532 2.4545e-28 1.16549e-27
0.0282453 1.93204e-28 1.17009e-27
0.0284375 2.12745e-28 1.18053e-27
0.0286296 1.62679e-27 1.16094e-27
