53722.772195454 -1.331e-06 8.128134e-07 
53722.772195454 -1.331e-06 8.128134e-07 
53722.772195454 -1.331e-06 8.128134e-07 
53722.772195454 -1.331e-06 8.128134e-07 
53885.323608573 -2.117e-06 1.052061e-06 
53885.323608573 -2.117e-06 1.052061e-06 
53885.323608573 -2.117e-06 1.052061e-06 
53885.323608573 -2.117e-06 1.052061e-06 
53885.323608573 -2.117e-06 1.052061e-06 
53885.323608573 -2.117e-06 1.052061e-06 
53885.323608573 -2.117e-06 1.052061e-06 
53885.323608573 -2.117e-06 1.052061e-06 
53921.341776295 -2.547e-07 1.292432e-06 
53921.341776295 -2.547e-07 1.292432e-06 
53921.341776295 -2.547e-07 1.292432e-06 
53921.341776295 -2.547e-07 1.292432e-06 
53921.341776295 -2.547e-07 1.292432e-06 
53921.341776295 -2.547e-07 1.292432e-06 
53921.341776295 -2.547e-07 1.292432e-06 
53921.341776295 -2.547e-07 1.292432e-06 
53996.036175711 -3.878e-06 2.163063e-06 
53996.036175711 -3.878e-06 2.163063e-06 
54090.817247466 -1.746e-06 2.043659e-06 
54090.817247466 -1.746e-06 2.043659e-06 
54109.926024508 -2.068e-06 1.310889e-06 
54109.926024508 -2.068e-06 1.310889e-06 
54109.926024508 -2.068e-06 1.310889e-06 
54109.926024508 -2.068e-06 1.310889e-06 
54109.926024508 -2.068e-06 1.310889e-06 
54109.926024508 -2.068e-06 1.310889e-06 
54147.639785518 -3.926e-08 1.678884e-06 
54147.639785518 -3.926e-08 1.678884e-06 
54147.639785518 -3.926e-08 1.678884e-06 
54147.639785518 -3.926e-08 1.678884e-06 
54205.507163304 -1.534e-06 1.620717e-06 
54205.507163304 -1.534e-06 1.620717e-06 
54205.507163304 -1.534e-06 1.620717e-06 
54205.507163304 -1.534e-06 1.620717e-06 
54295.393500498 -1.461e-06 1.327712e-06 
54295.393500498 -1.461e-06 1.327712e-06 
54295.393500498 -1.461e-06 1.327712e-06 
54295.393500498 -1.461e-06 1.327712e-06 
54295.393500498 -1.461e-06 1.327712e-06 
54295.393500498 -1.461e-06 1.327712e-06 
54331.256398412 -1.096e-06 1.214649e-06 
54331.256398412 -1.096e-06 1.214649e-06 
54331.256398412 -1.096e-06 1.214649e-06 
54331.256398412 -1.096e-06 1.214649e-06 
54331.256398412 -1.096e-06 1.214649e-06 
54331.256398412 -1.096e-06 1.214649e-06 
54331.256398412 -1.096e-06 1.214649e-06 
54389.999540754 -3.292e-06 3.018752e-06 
54389.999540754 -3.292e-06 3.018752e-06 
54390.996874106 2.043e-06 3.359803e-06 
54390.996874106 2.043e-06 3.359803e-06 
54440.917625519 -1.456e-06 9.969436e-07 
54440.917625519 -1.456e-06 9.969436e-07 
54440.917625519 -1.456e-06 9.969436e-07 
54440.917625519 -1.456e-06 9.969436e-07 
54462.797017270 -1.017e-06 6.593605e-07 
54462.797017270 -1.017e-06 6.593605e-07 
54462.797017270 -1.017e-06 6.593605e-07 
54462.797017270 -1.017e-06 6.593605e-07 
54462.797017270 -1.017e-06 6.593605e-07 
54462.797017270 -1.017e-06 6.593605e-07 
54462.797017270 -1.017e-06 6.593605e-07 
54462.797017270 -1.017e-06 6.593605e-07 
54471.882344391 -1.666e-06 5.183676e-07 
54471.882344391 -1.666e-06 5.183676e-07 
54471.882344391 -1.666e-06 5.183676e-07 
54471.882344391 -1.666e-06 5.183676e-07 
54471.882344391 -1.666e-06 5.183676e-07 
54471.882344391 -1.666e-06 5.183676e-07 
54471.882344391 -1.666e-06 5.183676e-07 
54471.882344391 -1.666e-06 5.183676e-07 
54471.882344391 -1.666e-06 5.183676e-07 
54471.882344391 -1.666e-06 5.183676e-07 
54471.882344391 -1.666e-06 5.183676e-07 
54471.882344391 -1.666e-06 5.183676e-07 
54493.891805925 -1.315e-06 6.502183e-07 
54493.891805925 -1.315e-06 6.502183e-07 
54493.891805925 -1.315e-06 6.502183e-07 
54493.891805925 -1.315e-06 6.502183e-07 
54493.891805925 -1.315e-06 6.502183e-07 
54493.891805925 -1.315e-06 6.502183e-07 
54493.891805925 -1.315e-06 6.502183e-07 
54493.891805925 -1.315e-06 6.502183e-07 
54518.641832712 -1.391e-06 6.015138e-07 
54518.641832712 -1.391e-06 6.015138e-07 
54518.641832712 -1.391e-06 6.015138e-07 
54518.641832712 -1.391e-06 6.015138e-07 
54518.641832712 -1.391e-06 6.015138e-07 
54518.641832712 -1.391e-06 6.015138e-07 
54518.641832712 -1.391e-06 6.015138e-07 
54518.641832712 -1.391e-06 6.015138e-07 
54560.438220955 -1.376e-06 1.021970e-06 
54560.438220955 -1.376e-06 1.021970e-06 
54560.438220955 -1.376e-06 1.021970e-06 
54560.438220955 -1.376e-06 1.021970e-06 
54592.421319856 -6.718e-07 1.647034e-06 
54592.421319856 -6.718e-07 1.647034e-06 
54617.224382308 -1.879e-06 6.659499e-07 
54617.224382308 -1.879e-06 6.659499e-07 
54617.224382308 -1.879e-06 6.659499e-07 
54617.224382308 -1.879e-06 6.659499e-07 
54617.224382308 -1.879e-06 6.659499e-07 
54617.224382308 -1.879e-06 6.659499e-07 
54617.224382308 -1.879e-06 6.659499e-07 
54617.224382308 -1.879e-06 6.659499e-07 
54648.260505628 -1.115e-06 9.701864e-07 
54648.260505628 -1.115e-06 9.701864e-07 
54648.260505628 -1.115e-06 9.701864e-07 
54648.260505628 -1.115e-06 9.701864e-07 
54756.935076259 -1.400e-06 1.004216e-06 
54756.935076259 -1.400e-06 1.004216e-06 
54756.935076259 -1.400e-06 1.004216e-06 
54756.935076259 -1.400e-06 1.004216e-06 
54781.865036798 -6.489e-07 1.893212e-06 
54781.865036798 -6.489e-07 1.893212e-06 
54817.777639668 -6.642e-07 5.791153e-07 
54817.777639668 -6.642e-07 5.791153e-07 
54817.777639668 -6.642e-07 5.791153e-07 
54817.777639668 -6.642e-07 5.791153e-07 
54817.777639668 -6.642e-07 5.791153e-07 
54817.777639668 -6.642e-07 5.791153e-07 
54818.773983785 -2.278e-06 6.136599e-07 
54818.773983785 -2.278e-06 6.136599e-07 
54818.773983785 -2.278e-06 6.136599e-07 
54818.773983785 -2.278e-06 6.136599e-07 
54818.773983785 -2.278e-06 6.136599e-07 
54818.773983785 -2.278e-06 6.136599e-07 
54847.850787927 -3.033e-06 1.574148e-06 
54847.850787927 -3.033e-06 1.574148e-06 
54849.933837075 -6.589e-07 1.326560e-06 
54849.933837075 -6.589e-07 1.326560e-06 
54875.613438085 -2.156e-06 1.038865e-06 
54875.613438085 -2.156e-06 1.038865e-06 
54875.613438085 -2.156e-06 1.038865e-06 
54875.613438085 -2.156e-06 1.038865e-06 
54910.547055908 -1.149e-06 5.996940e-07 
54910.547055908 -1.149e-06 5.996940e-07 
54910.547055908 -1.149e-06 5.996940e-07 
54910.547055908 -1.149e-06 5.996940e-07 
54910.547055908 -1.149e-06 5.996940e-07 
54910.547055908 -1.149e-06 5.996940e-07 
54910.547055908 -1.149e-06 5.996940e-07 
54998.520175351 -2.653e-06 1.567131e-06 
55083.091377047 -9.650e-07 7.246562e-07 
55083.091377047 -9.650e-07 7.246562e-07 
55083.091377047 -9.650e-07 7.246562e-07 
55083.091377047 -9.650e-07 7.246562e-07 
55100.051613317 -1.113e-06 1.799110e-06 
55100.051613317 -1.113e-06 1.799110e-06 
55114.119418902 -3.168e-06 1.287908e-06 
55114.119418902 -3.168e-06 1.287908e-06 
55142.880721416 2.108e-06 2.292975e-06 
55171.987006386 -1.579e-06 7.651894e-07 
55171.987006386 -1.579e-06 7.651894e-07 
55171.987006386 -1.579e-06 7.651894e-07 
55171.987006386 -1.579e-06 7.651894e-07 
55171.987006386 -1.579e-06 7.651894e-07 
55171.987006386 -1.579e-06 7.651894e-07 
55171.987006386 -1.579e-06 7.651894e-07 
55171.987006386 -1.579e-06 7.651894e-07 
55206.559460014 -1.243e-06 9.161061e-07 
55206.559460014 -1.243e-06 9.161061e-07 
55206.559460014 -1.243e-06 9.161061e-07 
55206.559460014 -1.243e-06 9.161061e-07 
55253.863499153 -1.828e-06 1.126451e-06 
55253.863499153 -1.828e-06 1.126451e-06 
55253.863499153 -1.828e-06 1.126451e-06 
55253.863499153 -1.828e-06 1.126451e-06 
55291.655744785 -5.755e-07 1.087799e-06 
55291.655744785 -5.755e-07 1.087799e-06 
55291.655744785 -5.755e-07 1.087799e-06 
55319.549876532 -1.659e-06 1.397227e-06 
55319.549876532 -1.659e-06 1.397227e-06 
55347.414826172 -1.870e-06 6.768344e-07 
55347.414826172 -1.870e-06 6.768344e-07 
55347.414826172 -1.870e-06 6.768344e-07 
55347.414826172 -1.870e-06 6.768344e-07 
55347.414826172 -1.870e-06 6.768344e-07 
55347.414826172 -1.870e-06 6.768344e-07 
55432.192078748 -8.049e-07 9.185274e-07 
55432.192078748 -8.049e-07 9.185274e-07 
55432.192078748 -8.049e-07 9.185274e-07 
55456.063232388 -1.427e-06 9.528242e-07 
55456.063232388 -1.427e-06 9.528242e-07 
55456.063232388 -1.427e-06 9.528242e-07 
55456.063232388 -1.427e-06 9.528242e-07 
55526.829344663 -1.235e-06 6.255345e-07 
55526.829344663 -1.235e-06 6.255345e-07 
55526.829344663 -1.235e-06 6.255345e-07 
55526.829344663 -1.235e-06 6.255345e-07 
55526.829344663 -1.235e-06 6.255345e-07 
55526.829344663 -1.235e-06 6.255345e-07 
55526.829344663 -1.235e-06 6.255345e-07 
55553.685463469 -2.570e-06 1.343442e-06 
55553.685463469 -2.570e-06 1.343442e-06 
55615.478679663 -1.405e-06 2.788393e-07 
55615.478679663 -1.405e-06 2.788393e-07 
55615.478679663 -1.405e-06 2.788393e-07 
55615.478679663 -1.405e-06 2.788393e-07 
55615.478679663 -1.405e-06 2.788393e-07 
55615.478679663 -1.405e-06 2.788393e-07 
55615.478679663 -1.405e-06 2.788393e-07 
55615.478679663 -1.405e-06 2.788393e-07 
55615.478679663 -1.405e-06 2.788393e-07 
55615.478679663 -1.405e-06 2.788393e-07 
55615.478679663 -1.405e-06 2.788393e-07 
55615.478679663 -1.405e-06 2.788393e-07 
55615.478679663 -1.405e-06 2.788393e-07 
55615.478679663 -1.405e-06 2.788393e-07 
55615.478679663 -1.405e-06 2.788393e-07 
55615.478679663 -1.405e-06 2.788393e-07 
55615.478679663 -1.405e-06 2.788393e-07 
55615.478679663 -1.405e-06 2.788393e-07 
55615.478679663 -1.405e-06 2.788393e-07 
55615.478679663 -1.405e-06 2.788393e-07 
55615.478679663 -1.405e-06 2.788393e-07 
55649.351106198 -1.360e-06 2.199031e-06 
55694.275425355 -1.458e-06 6.730069e-07 
55694.275425355 -1.458e-06 6.730069e-07 
55694.275425355 -1.458e-06 6.730069e-07 
55694.275425355 -1.458e-06 6.730069e-07 
55694.275425355 -1.458e-06 6.730069e-07 
55694.275425355 -1.458e-06 6.730069e-07 
55733.142886871 -9.893e-07 1.578683e-06 
55733.142886871 -9.893e-07 1.578683e-06 
55734.296115272 -1.472e-06 3.107172e-07 
55734.296115272 -1.472e-06 3.107172e-07 
55734.296115272 -1.472e-06 3.107172e-07 
55734.296115272 -1.472e-06 3.107172e-07 
55734.296115272 -1.472e-06 3.107172e-07 
55734.296115272 -1.472e-06 3.107172e-07 
55734.296115272 -1.472e-06 3.107172e-07 
55734.296115272 -1.472e-06 3.107172e-07 
55829.842977673 -1.030e-06 1.166737e-06 
55829.842977673 -1.030e-06 1.166737e-06 
55834.897610116 -8.911e-07 2.304746e-06 
55903.669483778 -2.806e-06 1.148968e-06 
55903.669483778 -2.806e-06 1.148968e-06 
55903.669483778 -2.806e-06 1.148968e-06 
55937.551632953 -1.326e-06 4.362493e-07 
55937.551632953 -1.326e-06 4.362493e-07 
55937.551632953 -1.326e-06 4.362493e-07 
55937.551632953 -1.326e-06 4.362493e-07 
55937.551632953 -1.326e-06 4.362493e-07 
55937.551632953 -1.326e-06 4.362493e-07 
55937.551632953 -1.326e-06 4.362493e-07 
56011.399188198 -1.295e-06 6.523619e-07 
56011.399188198 -1.295e-06 6.523619e-07 
56011.399188198 -1.295e-06 6.523619e-07 
56011.399188198 -1.295e-06 6.523619e-07 
56011.399188198 -1.295e-06 6.523619e-07 
56011.399188198 -1.295e-06 6.523619e-07 
56040.310957176 -1.331e-06 1.523001e-06 
56040.310957176 -1.331e-06 1.523001e-06 
56042.293818168 -5.826e-07 1.539000e-06 
56042.293818168 -5.826e-07 1.539000e-06 
56157.264505674 -1.647e-06 4.892685e-07 
56157.264505674 -1.647e-06 4.892685e-07 
56157.264505674 -1.647e-06 4.892685e-07 
56157.264505674 -1.647e-06 4.892685e-07 
56157.264505674 -1.647e-06 4.892685e-07 
56157.264505674 -1.647e-06 4.892685e-07 
56157.264505674 -1.647e-06 4.892685e-07 
56157.264505674 -1.647e-06 4.892685e-07 
56157.264505674 -1.647e-06 4.892685e-07 
56173.930266416 4.401e-07 1.391737e-06 
56173.930266416 4.401e-07 1.391737e-06 
56189.874496787 -2.018e-06 3.139613e-06 
56211.893386908 -3.131e-06 1.439434e-06 
56211.893386908 -3.131e-06 1.439434e-06 
56252.708852485 -2.370e-06 9.668099e-07 
56252.708852485 -2.370e-06 9.668099e-07 
56252.708852485 -2.370e-06 9.668099e-07 
56278.626891058 -1.032e-06 6.616761e-07 
56278.626891058 -1.032e-06 6.616761e-07 
56278.626891058 -1.032e-06 6.616761e-07 
56278.626891058 -1.032e-06 6.616761e-07 
56278.626891058 -1.032e-06 6.616761e-07 
56301.591282410 -3.369e-06 1.815627e-06 
56301.591282410 -3.369e-06 1.815627e-06 
56375.364675765 -8.515e-07 9.642092e-07 
56375.364675765 -8.515e-07 9.642092e-07 
56375.364675765 -8.515e-07 9.642092e-07 
56396.343479004 -2.171e-06 3.332515e-06 
56468.176737112 -2.551e-06 1.179447e-06 
56468.176737112 -2.551e-06 1.179447e-06 
56491.154109193 -7.279e-07 7.984403e-07 
56491.154109193 -7.279e-07 7.984403e-07 
56491.154109193 -7.279e-07 7.984403e-07 
56491.154109193 -7.279e-07 7.984403e-07 
56491.154109193 -7.279e-07 7.984403e-07 
56510.034437974 -1.292e-06 5.555577e-07 
56510.034437974 -1.292e-06 5.555577e-07 
56510.034437974 -1.292e-06 5.555577e-07 
56510.034437974 -1.292e-06 5.555577e-07 
56510.034437974 -1.292e-06 5.555577e-07 
56510.034437974 -1.292e-06 5.555577e-07 
56556.948980766 -1.229e-06 1.335963e-06 
56556.948980766 -1.229e-06 1.335963e-06 
56627.748876980 -1.477e-06 7.869991e-07 
56627.748876980 -1.477e-06 7.869991e-07 
56627.748876980 -1.477e-06 7.869991e-07 
56627.748876980 -1.477e-06 7.869991e-07 
56686.610128267 -3.163e-06 1.743243e-06 
56686.610128267 -3.163e-06 1.743243e-06 
56739.406485706 4.100e-08 1.710326e-06 
56739.406485706 4.100e-08 1.710326e-06 
56795.263804738 1.543e-06 7.267936e-06 
56830.184432204 9.990e-07 2.597544e-06 
56830.184432204 9.990e-07 2.597544e-06 
56867.438683562 1.019e-07 1.284416e-06 
56867.438683562 1.019e-07 1.284416e-06 
56868.337177470 -3.273e-06 1.956400e-06 
56869.210233558 -1.622e-06 5.854813e-07 
56869.210233558 -1.622e-06 5.854813e-07 
56869.210233558 -1.622e-06 5.854813e-07 
56869.210233558 -1.622e-06 5.854813e-07 
56869.210233558 -1.622e-06 5.854813e-07 
56869.210233558 -1.622e-06 5.854813e-07 
56869.210233558 -1.622e-06 5.854813e-07 
56869.210233558 -1.622e-06 5.854813e-07 
56889.981099277 1.529e-06 1.629357e-06 
56889.981099277 1.529e-06 1.629357e-06 
56889.981099277 1.529e-06 1.629357e-06 
56889.981099277 1.529e-06 1.629357e-06 
56891.202869917 -1.931e-06 5.080242e-07 
56891.202869917 -1.931e-06 5.080242e-07 
56891.202869917 -1.931e-06 5.080242e-07 
56891.202869917 -1.931e-06 5.080242e-07 
56891.202869917 -1.931e-06 5.080242e-07 
56891.202869917 -1.931e-06 5.080242e-07 
56891.202869917 -1.931e-06 5.080242e-07 
56891.202869917 -1.931e-06 5.080242e-07 
56891.202869917 -1.931e-06 5.080242e-07 
56891.202869917 -1.931e-06 5.080242e-07 
56892.022597179 -1.428e-06 9.249346e-08 
56892.022597179 -1.428e-06 9.249346e-08 
56892.022597179 -1.428e-06 9.249346e-08 
56892.022597179 -1.428e-06 9.249346e-08 
56892.022597179 -1.428e-06 9.249346e-08 
56892.022597179 -1.428e-06 9.249346e-08 
56892.022597179 -1.428e-06 9.249346e-08 
56892.022597179 -1.428e-06 9.249346e-08 
56892.022614168 -1.409e-06 6.250208e-07 
56892.022614168 -1.409e-06 6.250208e-07 
56892.022614168 -1.409e-06 6.250208e-07 
56893.200086734 -6.387e-07 1.285304e-06 
56893.200086734 -6.387e-07 1.285304e-06 
56925.959824802 -4.250e-06 3.309470e-06 
56926.005595673 -1.265e-06 5.132705e-07 
56926.005595673 -1.265e-06 5.132705e-07 
56926.005595673 -1.265e-06 5.132705e-07 
56926.005595673 -1.265e-06 5.132705e-07 
56926.005595673 -1.265e-06 5.132705e-07 
56926.005595673 -1.265e-06 5.132705e-07 
56926.005595673 -1.265e-06 5.132705e-07 
56926.005595673 -1.265e-06 5.132705e-07 
56926.005660663 -2.440e-07 1.078450e-06 
56926.005660663 -2.440e-07 1.078450e-06 
56926.924319074 -1.110e-06 9.689306e-07 
56926.924319074 -1.110e-06 9.689306e-07 
56926.924319074 -1.110e-06 9.689306e-07 
56926.924319074 -1.110e-06 9.689306e-07 
56927.916893805 -3.527e-06 3.413777e-06 
56938.099693731 -2.253e-06 1.180014e-06 
56938.099737208 -2.665e-06 1.543200e-06 
56938.099737208 -2.665e-06 1.543200e-06 
56939.227343730 -2.621e-06 9.337826e-07 
56939.227343730 -2.621e-06 9.337826e-07 
56939.227343730 -2.621e-06 9.337826e-07 
56939.227343730 -2.621e-06 9.337826e-07 
56940.993509915 -5.646e-07 1.435517e-06 
56940.993509915 -5.646e-07 1.435517e-06 
56942.073026781 -1.444e-06 6.706953e-07 
56942.073026781 -1.444e-06 6.706953e-07 
56942.073026781 -1.444e-06 6.706953e-07 
56942.073115008 -1.480e-06 1.058561e-06 
56942.073115008 -1.480e-06 1.058561e-06 
56946.889559819 -2.523e-06 8.577119e-07 
56946.889559819 -2.523e-06 8.577119e-07 
56952.790568840 -5.933e-07 1.357880e-06 
56952.790732791 -1.780e-06 1.063609e-06 
56952.790732791 -1.780e-06 1.063609e-06 
56954.897053562 -8.989e-07 1.058547e-06 
56954.897053562 -8.989e-07 1.058547e-06 
56954.897140860 -3.867e-07 1.501102e-06 
56954.897140860 -3.867e-07 1.501102e-06 
56955.996320024 -5.325e-07 7.182347e-07 
56955.996320024 -5.325e-07 7.182347e-07 
56955.996320024 -5.325e-07 7.182347e-07 
56955.996320024 -5.325e-07 7.182347e-07 
56955.996320024 -5.325e-07 7.182347e-07 
56955.996320024 -5.325e-07 7.182347e-07 
56955.996320024 -5.325e-07 7.182347e-07 
56955.996320024 -5.325e-07 7.182347e-07 
56956.982601517 -1.163e-06 1.592608e-06 
56956.982601517 -1.163e-06 1.592608e-06 
56960.087819509 9.178e-07 1.362430e-06 
56960.087819509 9.178e-07 1.362430e-06 
56960.087819509 9.178e-07 1.362430e-06 
56960.087819509 9.178e-07 1.362430e-06 
56972.034048946 -3.497e-06 1.994181e-06 
56972.034048946 -3.497e-06 1.994181e-06 
56974.804588037 -2.004e-06 6.847654e-07 
56974.804588037 -2.004e-06 6.847654e-07 
56974.804588037 -2.004e-06 6.847654e-07 
56974.804588037 -2.004e-06 6.847654e-07 
56974.804588037 -2.004e-06 6.847654e-07 
56974.804588037 -2.004e-06 6.847654e-07 
56974.804588037 -2.004e-06 6.847654e-07 
56974.804588037 -2.004e-06 6.847654e-07 
56975.885513712 -1.655e-06 9.200930e-07 
56975.885513712 -1.655e-06 9.200930e-07 
56975.885556317 -1.238e-06 1.233891e-06 
56975.885556317 -1.238e-06 1.233891e-06 
56976.801738410 -9.800e-07 1.070802e-06 
56976.801738410 -9.800e-07 1.070802e-06 
56976.801778898 -1.645e-06 1.076922e-06 
56976.801778898 -1.645e-06 1.076922e-06 
56977.078828229 -1.120e-06 6.650299e-07 
56977.078828229 -1.120e-06 6.650299e-07 
56977.078916194 -1.601e-06 1.368392e-06 
56977.078916194 -1.601e-06 1.368392e-06 
56989.067270689 -1.434e-06 6.636704e-07 
56989.067270689 -1.434e-06 6.636704e-07 
56989.067270689 -1.434e-06 6.636704e-07 
56989.067270689 -1.434e-06 6.636704e-07 
56989.067270689 -1.434e-06 6.636704e-07 
56989.067270689 -1.434e-06 6.636704e-07 
56989.067270689 -1.434e-06 6.636704e-07 
56989.067270689 -1.434e-06 6.636704e-07 
56990.834443575 -6.283e-06 2.304155e-06 
56990.834508094 3.638e-08 1.583900e-06 
56990.834508094 3.638e-08 1.583900e-06 
56991.746628831 -2.796e-06 1.330607e-06 
56991.746670547 -1.657e-07 1.343677e-06 
56991.746670547 -1.657e-07 1.343677e-06 
57009.965222487 -1.095e-06 7.887602e-07 
57009.965222487 -1.095e-06 7.887602e-07 
57009.965222487 -1.095e-06 7.887602e-07 
57009.965222487 -1.095e-06 7.887602e-07 
57009.965222487 -1.095e-06 7.887602e-07 
57009.965222487 -1.095e-06 7.887602e-07 
57010.799061018 -7.793e-07 2.330243e-06 
57010.799148907 -2.100e-06 2.073079e-06 
57012.694290713 -7.906e-07 9.213349e-07 
57012.694290713 -7.906e-07 9.213349e-07 
57012.694290713 -7.906e-07 9.213349e-07 
57012.694290713 -7.906e-07 9.213349e-07 
57012.694290713 -7.906e-07 9.213349e-07 
57012.694290713 -7.906e-07 9.213349e-07 
57012.694290713 -7.906e-07 9.213349e-07 
57027.952402437 -1.314e-06 7.632366e-07 
57027.952402437 -1.314e-06 7.632366e-07 
57027.952402437 -1.314e-06 7.632366e-07 
57027.952402437 -1.314e-06 7.632366e-07 
57027.952402437 -1.314e-06 7.632366e-07 
57027.952402437 -1.314e-06 7.632366e-07 
57027.952402437 -1.314e-06 7.632366e-07 
57027.952402437 -1.314e-06 7.632366e-07 
57028.805906755 -2.302e-06 2.185572e-06 
57028.805971660 -2.248e-06 9.911883e-07 
57028.805971660 -2.248e-06 9.911883e-07 
57029.686471304 -2.470e-06 9.502214e-07 
57029.686471304 -2.470e-06 9.502214e-07 
57029.686471304 -2.470e-06 9.502214e-07 
57029.686471304 -2.470e-06 9.502214e-07 
57030.612372836 -3.210e-06 1.329421e-06 
57030.612692467 -2.631e-07 1.368840e-06 
57030.612692467 -2.631e-07 1.368840e-06 
57039.524507475 -4.461e-06 2.192642e-06 
57039.524507475 -4.461e-06 2.192642e-06 
57052.850320870 -7.644e-07 7.497890e-07 
57052.850320870 -7.644e-07 7.497890e-07 
57052.850385898 6.179e-07 1.718897e-06 
57052.850385898 6.179e-07 1.718897e-06 
57053.835677667 -1.631e-06 6.446418e-07 
57053.835677667 -1.631e-06 6.446418e-07 
57053.835677667 -1.631e-06 6.446418e-07 
57053.835677667 -1.631e-06 6.446418e-07 
57053.835677667 -1.631e-06 6.446418e-07 
57053.835677667 -1.631e-06 6.446418e-07 
57053.835677667 -1.631e-06 6.446418e-07 
57053.835677667 -1.631e-06 6.446418e-07 
57054.617664859 -1.034e-06 1.849986e-06 
57054.617752821 -2.417e-06 1.865727e-06 
57054.617752821 -2.417e-06 1.865727e-06 
57073.587979217 -1.143e-06 4.559452e-07 
57073.587979217 -1.143e-06 4.559452e-07 
57073.587979217 -1.143e-06 4.559452e-07 
57073.587979217 -1.143e-06 4.559452e-07 
57073.587979217 -1.143e-06 4.559452e-07 
57073.587979217 -1.143e-06 4.559452e-07 
57073.587979217 -1.143e-06 4.559452e-07 
57073.587979217 -1.143e-06 4.559452e-07 
57074.508635799 -1.666e-06 4.338490e-07 
57074.508635799 -1.666e-06 4.338490e-07 
57074.508700800 -1.123e-06 7.533609e-07 
57074.508700800 -1.123e-06 7.533609e-07 
57074.508700800 -1.123e-06 7.533609e-07 
57082.504833556 -2.171e-06 9.212249e-07 
57082.504833556 -2.171e-06 9.212249e-07 
57082.504833556 -2.171e-06 9.212249e-07 
57082.504833556 -2.171e-06 9.212249e-07 
57082.504833556 -2.171e-06 9.212249e-07 
57082.504833556 -2.171e-06 9.212249e-07 
57082.504833556 -2.171e-06 9.212249e-07 
57082.504833556 -2.171e-06 9.212249e-07 
57087.736998779 -1.680e-06 7.165689e-07 
57087.736998779 -1.680e-06 7.165689e-07 
57087.736998779 -1.680e-06 7.165689e-07 
57087.736998779 -1.680e-06 7.165689e-07 
57087.736998779 -1.680e-06 7.165689e-07 
57087.736998779 -1.680e-06 7.165689e-07 
57087.736998779 -1.680e-06 7.165689e-07 
57088.725113974 9.499e-08 1.158156e-06 
57088.725113974 9.499e-08 1.158156e-06 
57088.725155762 -2.845e-06 1.196534e-06 
57088.725155762 -2.845e-06 1.196534e-06 
57102.459976780 -1.356e-06 3.927060e-07 
57102.459976780 -1.356e-06 3.927060e-07 
57102.452113303 -1.391e-06 1.664714e-06 
57102.459976780 -1.356e-06 3.927060e-07 
57102.459976780 -1.356e-06 3.927060e-07 
57102.459976780 -1.356e-06 3.927060e-07 
57102.459976780 -1.356e-06 3.927060e-07 
57102.459976780 -1.356e-06 3.927060e-07 
57102.452113303 -1.391e-06 1.664714e-06 
57103.401330695 -1.465e-06 9.688740e-07 
57103.401330695 -1.465e-06 9.688740e-07 
57103.401330695 -1.465e-06 9.688740e-07 
57103.401330695 -1.465e-06 9.688740e-07 
57126.563719584 1.052e-06 1.928768e-06 
57126.563719584 1.052e-06 1.928768e-06 
57127.621953679 -6.858e-07 8.254238e-07 
57127.621953679 -6.858e-07 8.254238e-07 
57127.621972319 -5.406e-07 1.060811e-06 
57127.621972319 -5.406e-07 1.060811e-06 
57139.265583402 -1.944e-06 5.957917e-07 
57139.265583402 -1.944e-06 5.957917e-07 
57139.265583402 -1.944e-06 5.957917e-07 
57139.265583402 -1.944e-06 5.957917e-07 
57140.479237866 -5.460e-07 1.268253e-06 
57140.479237866 -5.460e-07 1.268253e-06 
57140.479237866 -5.460e-07 1.268253e-06 
57161.604682066 -8.336e-07 1.752370e-06 
57161.604682066 -8.336e-07 1.752370e-06 
57162.409067729 -1.568e-06 2.697458e-07 
57162.409067729 -1.568e-06 2.697458e-07 
57162.409067729 -1.568e-06 2.697458e-07 
57162.409067729 -1.568e-06 2.697458e-07 
57162.409067729 -1.568e-06 2.697458e-07 
57162.409067729 -1.568e-06 2.697458e-07 
57162.409067729 -1.568e-06 2.697458e-07 
57162.409067729 -1.568e-06 2.697458e-07 
57162.409132581 -4.186e-06 2.145049e-06 
57185.337311861 7.824e-08 8.801529e-07 
57185.337311861 7.824e-08 8.801529e-07 
57186.179924784 -1.264e-06 3.440632e-07 
57186.179924784 -1.264e-06 3.440632e-07 
57186.179924784 -1.264e-06 3.440632e-07 
57186.179924784 -1.264e-06 3.440632e-07 
57186.179924784 -1.264e-06 3.440632e-07 
57186.179924784 -1.264e-06 3.440632e-07 
57186.179924784 -1.264e-06 3.440632e-07 
57186.179924784 -1.264e-06 3.440632e-07 
57187.148233766 -3.025e-06 1.539916e-06 
57187.148233766 -3.025e-06 1.539916e-06 
57200.224982953 -1.530e-06 4.604603e-07 
57200.224982953 -1.530e-06 4.604603e-07 
57200.224982953 -1.530e-06 4.604603e-07 
57200.224982953 -1.530e-06 4.604603e-07 
57200.224982953 -1.530e-06 4.604603e-07 
57200.224982953 -1.530e-06 4.604603e-07 
57200.224982953 -1.530e-06 4.604603e-07 
57200.224982953 -1.530e-06 4.604603e-07 
57201.128351892 -9.484e-07 6.782552e-07 
57201.128351892 -9.484e-07 6.782552e-07 
57201.128351892 -9.484e-07 6.782552e-07 
57223.436338614 -1.620e-06 5.474159e-07 
57223.436338614 -1.620e-06 5.474159e-07 
57223.436338614 -1.620e-06 5.474159e-07 
57223.436338614 -1.620e-06 5.474159e-07 
57223.436338614 -1.620e-06 5.474159e-07 
57223.436338614 -1.620e-06 5.474159e-07 
57223.436338614 -1.620e-06 5.474159e-07 
57223.436338614 -1.620e-06 5.474159e-07 
57247.062064882 -1.687e-06 1.094325e-06 
57247.062064882 -1.687e-06 1.094325e-06 
57247.062236550 -1.435e-06 7.172792e-08 
57247.062236550 -1.435e-06 7.172792e-08 
57247.062236550 -1.435e-06 7.172792e-08 
57247.062236550 -1.435e-06 7.172792e-08 
57247.062236550 -1.435e-06 7.172792e-08 
57247.062236550 -1.435e-06 7.172792e-08 
57247.062236550 -1.435e-06 7.172792e-08 
57248.963028864 -4.114e-06 2.790513e-06 
57249.039701638 -1.152e-06 6.597911e-07 
57249.039701638 -1.152e-06 6.597911e-07 
57249.039701638 -1.152e-06 6.597911e-07 
57249.039701638 -1.152e-06 6.597911e-07 
57249.039701638 -1.152e-06 6.597911e-07 
57263.176502662 7.426e-07 1.905719e-06 
57264.093938038 -1.604e-06 7.987303e-07 
57264.093938038 -1.604e-06 7.987303e-07 
57264.093938038 -1.604e-06 7.987303e-07 
57264.093938038 -1.604e-06 7.987303e-07 
57264.093938038 -1.604e-06 7.987303e-07 
57264.093938038 -1.604e-06 7.987303e-07 
57264.093938038 -1.604e-06 7.987303e-07 
57264.093938038 -1.604e-06 7.987303e-07 
57265.316463420 -3.304e-06 2.912740e-06 
57265.319232556 -1.679e-06 1.904533e-06 
57266.297569851 -2.056e-06 1.234599e-06 
57266.297569851 -2.056e-06 1.234599e-06 
57285.037836971 -1.532e-06 5.752125e-07 
57285.037836971 -1.532e-06 5.752125e-07 
57285.037836971 -1.532e-06 5.752125e-07 
57285.037836971 -1.532e-06 5.752125e-07 
57285.037836971 -1.532e-06 5.752125e-07 
57285.037836971 -1.532e-06 5.752125e-07 
57285.037836971 -1.532e-06 5.752125e-07 
57287.002246028 -1.710e-06 3.116315e-07 
57287.002246028 -1.710e-06 3.116315e-07 
57287.002246028 -1.710e-06 3.116315e-07 
57287.002246028 -1.710e-06 3.116315e-07 
57287.002246028 -1.710e-06 3.116315e-07 
57287.002246028 -1.710e-06 3.116315e-07 
57287.002246028 -1.710e-06 3.116315e-07 
57287.002246028 -1.710e-06 3.116315e-07 
57287.003161863 -1.440e-06 1.313250e-06 
57287.003161863 -1.440e-06 1.313250e-06 
57301.090259975 -6.767e-07 7.603309e-07 
57301.090259975 -6.767e-07 7.603309e-07 
57301.090259975 -6.767e-07 7.603309e-07 
57301.090259975 -6.767e-07 7.603309e-07 
57301.090259975 -6.767e-07 7.603309e-07 
57301.090259975 -6.767e-07 7.603309e-07 
57301.090259975 -6.767e-07 7.603309e-07 
57304.891729935 -5.923e-07 5.961275e-07 
57304.891729935 -5.923e-07 5.961275e-07 
57304.891729935 -5.923e-07 5.961275e-07 
57304.891729935 -5.923e-07 5.961275e-07 
57304.891729935 -5.923e-07 5.961275e-07 
57304.892277174 -9.640e-08 5.935134e-07 
57304.892277174 -9.640e-08 5.935134e-07 
57304.892277174 -9.640e-08 5.935134e-07 
57305.909776402 -1.955e-06 7.421476e-07 
57305.909776402 -1.955e-06 7.421476e-07 
57305.909776402 -1.955e-06 7.421476e-07 
57305.909776402 -1.955e-06 7.421476e-07 
57305.909776402 -1.955e-06 7.421476e-07 
57305.909776402 -1.955e-06 7.421476e-07 
57305.909776402 -1.955e-06 7.421476e-07 
57305.909776402 -1.955e-06 7.421476e-07 
57306.822464568 -5.794e-07 1.644716e-06 
57306.822464568 -5.794e-07 1.644716e-06 
57318.877014385 -8.683e-07 5.725285e-07 
57318.877014385 -8.683e-07 5.725285e-07 
57318.877014385 -8.683e-07 5.725285e-07 
57318.877014385 -8.683e-07 5.725285e-07 
57318.877014385 -8.683e-07 5.725285e-07 
57318.877014385 -8.683e-07 5.725285e-07 
57318.877014385 -8.683e-07 5.725285e-07 
57318.877014385 -8.683e-07 5.725285e-07 
57319.878015338 -1.881e-06 4.030501e-07 
57319.878015338 -1.881e-06 4.030501e-07 
57319.878015338 -1.881e-06 4.030501e-07 
57319.878015338 -1.881e-06 4.030501e-07 
57319.878015338 -1.881e-06 4.030501e-07 
57319.878015338 -1.881e-06 4.030501e-07 
57319.878015338 -1.881e-06 4.030501e-07 
57319.878015338 -1.881e-06 4.030501e-07 
57320.161472878 -1.916e-06 1.073327e-06 
57320.161472878 -1.916e-06 1.073327e-06 
57320.162110964 -1.497e-06 3.851457e-07 
57320.162110964 -1.497e-06 3.851457e-07 
57320.162110964 -1.497e-06 3.851457e-07 
57320.162110964 -1.497e-06 3.851457e-07 
57320.162110964 -1.497e-06 3.851457e-07 
57320.162110964 -1.497e-06 3.851457e-07 
57332.883526424 -1.180e-06 7.934368e-07 
57332.883526424 -1.180e-06 7.934368e-07 
57332.883526424 -1.180e-06 7.934368e-07 
57332.883526424 -1.180e-06 7.934368e-07 
57332.883526424 -1.180e-06 7.934368e-07 
57332.883526424 -1.180e-06 7.934368e-07 
57332.883526424 -1.180e-06 7.934368e-07 
57332.883526424 -1.180e-06 7.934368e-07 
57333.775429954 -1.560e-06 7.826693e-07 
57333.775429954 -1.560e-06 7.826693e-07 
57333.775487644 -4.891e-06 1.720831e-06 
57333.775487644 -4.891e-06 1.720831e-06 
57334.718963643 -1.314e-06 2.996142e-07 
57334.718963643 -1.314e-06 2.996142e-07 
57334.718963643 -1.314e-06 2.996142e-07 
57334.718963643 -1.314e-06 2.996142e-07 
57334.718963643 -1.314e-06 2.996142e-07 
57334.718963643 -1.314e-06 2.996142e-07 
57334.718963643 -1.314e-06 2.996142e-07 
57334.718963643 -1.314e-06 2.996142e-07 
57334.719051263 -1.317e-06 1.395280e-06 
57334.719051263 -1.317e-06 1.395280e-06 
57367.856797810 -1.418e-06 4.529860e-07 
57367.856797810 -1.418e-06 4.529860e-07 
57367.856797810 -1.418e-06 4.529860e-07 
57367.856797810 -1.418e-06 4.529860e-07 
57367.856797810 -1.418e-06 4.529860e-07 
57367.856797810 -1.418e-06 4.529860e-07 
57367.856797810 -1.418e-06 4.529860e-07 
57367.856797810 -1.418e-06 4.529860e-07 
57368.649265868 -1.147e-06 6.886925e-07 
57368.649265868 -1.147e-06 6.886925e-07 
57368.649265868 -1.147e-06 6.886925e-07 
57368.649265868 -1.147e-06 6.886925e-07 
57368.649265868 -1.147e-06 6.886925e-07 
57368.649265868 -1.147e-06 6.886925e-07 
57368.649265868 -1.147e-06 6.886925e-07 
57369.695650240 -1.848e-06 4.399506e-07 
57369.695650240 -1.848e-06 4.399506e-07 
57369.695650240 -1.848e-06 4.399506e-07 
57369.695650240 -1.848e-06 4.399506e-07 
57369.695650240 -1.848e-06 4.399506e-07 
57369.695650240 -1.848e-06 4.399506e-07 
57369.695650240 -1.848e-06 4.399506e-07 
57369.695650240 -1.848e-06 4.399506e-07 
57371.034831197 -1.152e-06 4.242768e-07 
57371.034831197 -1.152e-06 4.242768e-07 
57371.034831197 -1.152e-06 4.242768e-07 
57371.034831197 -1.152e-06 4.242768e-07 
57371.034831197 -1.152e-06 4.242768e-07 
57371.034831197 -1.152e-06 4.242768e-07 
57371.034831197 -1.152e-06 4.242768e-07 
57371.034831197 -1.152e-06 4.242768e-07 
57371.035042234 7.585e-07 1.286095e-06 
57371.035042234 7.585e-07 1.286095e-06 
57376.775376746 -1.042e-06 8.312815e-07 
57376.775376746 -1.042e-06 8.312815e-07 
57376.775376746 -1.042e-06 8.312815e-07 
57376.775376746 -1.042e-06 8.312815e-07 
57376.775376746 -1.042e-06 8.312815e-07 
57376.775376746 -1.042e-06 8.312815e-07 
57376.775376746 -1.042e-06 8.312815e-07 
57379.596096748 -2.350e-06 7.041176e-07 
57379.596096748 -2.350e-06 7.041176e-07 
57379.596096748 -2.350e-06 7.041176e-07 
57397.950603664 -1.756e-06 1.357540e-06 
57397.950603664 -1.756e-06 1.357540e-06 
57398.570753383 -1.037e-06 1.646027e-06 
57398.570846643 -2.102e-06 1.385552e-06 
57398.570846643 -2.102e-06 1.385552e-06 
57417.717994585 -9.968e-07 8.959273e-07 
57417.717994585 -9.968e-07 8.959273e-07 
57438.548926839 -2.275e-06 7.645360e-07 
57438.548926839 -2.275e-06 7.645360e-07 
57438.548926839 -2.275e-06 7.645360e-07 
57438.549098035 -1.598e-06 7.890935e-07 
57438.549098035 -1.598e-06 7.890935e-07 
57439.612254643 -5.812e-07 6.910345e-07 
57439.612254643 -5.812e-07 6.910345e-07 
57439.612254643 -5.812e-07 6.910345e-07 
57439.612459627 -1.363e-06 1.334164e-06 
57440.615997123 -1.920e-06 4.311073e-07 
57440.615997123 -1.920e-06 4.311073e-07 
57440.615997123 -1.920e-06 4.311073e-07 
57440.615997123 -1.920e-06 4.311073e-07 
57440.615997123 -1.920e-06 4.311073e-07 
57440.615997123 -1.920e-06 4.311073e-07 
57440.615997123 -1.920e-06 4.311073e-07 
57440.615997123 -1.920e-06 4.311073e-07 
57440.615997123 -1.920e-06 4.311073e-07 
57440.615997123 -1.920e-06 4.311073e-07 
57440.615997123 -1.920e-06 4.311073e-07 
57440.615997123 -1.920e-06 4.311073e-07 
57440.615997123 -1.920e-06 4.311073e-07 
57440.615997123 -1.920e-06 4.311073e-07 
57440.615997123 -1.920e-06 4.311073e-07 
57452.508581411 -1.298e-06 3.274754e-07 
57452.508581411 -1.298e-06 3.274754e-07 
57452.508581411 -1.298e-06 3.274754e-07 
57452.508581411 -1.298e-06 3.274754e-07 
57452.508581411 -1.298e-06 3.274754e-07 
57452.508581411 -1.298e-06 3.274754e-07 
57452.508581411 -1.298e-06 3.274754e-07 
57452.508581411 -1.298e-06 3.274754e-07 
57454.430583145 -1.635e-06 6.257069e-07 
57454.430583145 -1.635e-06 6.257069e-07 
57454.430583145 -1.635e-06 6.257069e-07 
57454.430608555 -2.524e-06 6.530357e-07 
57454.430608555 -2.524e-06 6.530357e-07 
57454.430608555 -2.524e-06 6.530357e-07 
57455.407578006 -1.056e-06 4.148140e-07 
57455.407578006 -1.056e-06 4.148140e-07 
57455.407578006 -1.056e-06 4.148140e-07 
57455.407578006 -1.056e-06 4.148140e-07 
57455.407578006 -1.056e-06 4.148140e-07 
57455.407588263 -1.263e-06 3.106955e-07 
57455.407588263 -1.263e-06 3.106955e-07 
57455.407588263 -1.263e-06 3.106955e-07 
57455.407588263 -1.263e-06 3.106955e-07 
57455.407588263 -1.263e-06 3.106955e-07 
57455.407588263 -1.263e-06 3.106955e-07 
57455.407588263 -1.263e-06 3.106955e-07 
57455.407588263 -1.263e-06 3.106955e-07 
57463.600466749 -9.086e-07 1.224031e-06 
57463.600466749 -9.086e-07 1.224031e-06 
57463.600640866 -8.173e-07 9.222032e-07 
57463.600640866 -8.173e-07 9.222032e-07 
57466.499370676 -1.929e-06 1.210213e-06 
57466.499370676 -1.929e-06 1.210213e-06 
57466.499744937 -5.733e-07 1.098894e-06 
57466.499744937 -5.733e-07 1.098894e-06 
57478.718770756 -1.192e-06 4.462430e-07 
57478.718770756 -1.192e-06 4.462430e-07 
57478.718770756 -1.192e-06 4.462430e-07 
57478.718770756 -1.192e-06 4.462430e-07 
57478.718770756 -1.192e-06 4.462430e-07 
57478.718770756 -1.192e-06 4.462430e-07 
57478.718770756 -1.192e-06 4.462430e-07 
57478.718770756 -1.192e-06 4.462430e-07 
57480.518150138 -2.802e-06 1.443283e-06 
57480.518150138 -2.802e-06 1.443283e-06 
57493.361728757 -1.370e-06 6.872021e-07 
57493.361728757 -1.370e-06 6.872021e-07 
57493.361728757 -1.370e-06 6.872021e-07 
57493.361728757 -1.370e-06 6.872021e-07 
57493.361728757 -1.370e-06 6.872021e-07 
57493.361728757 -1.370e-06 6.872021e-07 
57493.361728757 -1.370e-06 6.872021e-07 
57494.353940399 -1.697e-06 1.144557e-06 
57494.353940399 -1.697e-06 1.144557e-06 
57494.353940399 -1.697e-06 1.144557e-06 
57494.353940399 -1.697e-06 1.144557e-06 
57510.542149471 -2.765e-06 8.050960e-07 
57510.542149471 -2.765e-06 8.050960e-07 
57510.542149471 -2.765e-06 8.050960e-07 
57510.542149471 -2.765e-06 8.050960e-07 
57510.542149471 -2.765e-06 8.050960e-07 
57510.542149471 -2.765e-06 8.050960e-07 
57510.542149471 -2.765e-06 8.050960e-07 
57511.361309372 -1.003e-06 5.854400e-07 
57511.361309372 -1.003e-06 5.854400e-07 
57511.361309372 -1.003e-06 5.854400e-07 
57511.361309372 -1.003e-06 5.854400e-07 
57511.361309372 -1.003e-06 5.854400e-07 
57511.361309372 -1.003e-06 5.854400e-07 
57511.361309372 -1.003e-06 5.854400e-07 
57511.361309372 -1.003e-06 5.854400e-07 
57512.632677084 -1.524e-06 4.778815e-07 
57512.632677084 -1.524e-06 4.778815e-07 
57512.632677084 -1.524e-06 4.778815e-07 
57512.632677084 -1.524e-06 4.778815e-07 
57512.632677084 -1.524e-06 4.778815e-07 
57512.633341069 -1.506e-06 2.221407e-07 
57512.633341069 -1.506e-06 2.221407e-07 
57512.633341069 -1.506e-06 2.221407e-07 
57512.633341069 -1.506e-06 2.221407e-07 
57512.633341069 -1.506e-06 2.221407e-07 
57512.633341069 -1.506e-06 2.221407e-07 
57512.633341069 -1.506e-06 2.221407e-07 
57512.633341069 -1.506e-06 2.221407e-07 
57514.542914585 -1.676e-06 6.422300e-07 
57514.425626221 -9.848e-07 6.875990e-07 
57514.425626221 -9.848e-07 6.875990e-07 
57514.542914585 -1.676e-06 6.422300e-07 
57514.542914585 -1.676e-06 6.422300e-07 
57514.425626221 -9.848e-07 6.875990e-07 
57514.425626221 -9.848e-07 6.875990e-07 
57523.249999336 -2.985e-06 1.416948e-06 
57523.249999336 -2.985e-06 1.416948e-06 
57523.250045459 -1.538e-06 4.118450e-07 
57523.250045459 -1.538e-06 4.118450e-07 
57523.250045459 -1.538e-06 4.118450e-07 
57523.250045459 -1.538e-06 4.118450e-07 
57523.250045459 -1.538e-06 4.118450e-07 
57523.250045459 -1.538e-06 4.118450e-07 
57528.514979733 -1.157e-06 4.633468e-07 
57528.514979733 -1.157e-06 4.633468e-07 
57528.514979733 -1.157e-06 4.633468e-07 
57528.514979733 -1.157e-06 4.633468e-07 
57528.514979733 -1.157e-06 4.633468e-07 
57528.514979733 -1.157e-06 4.633468e-07 
57528.514979733 -1.157e-06 4.633468e-07 
57528.514979733 -1.157e-06 4.633468e-07 
57561.441718873 -1.699e-06 3.150492e-07 
57561.441718873 -1.699e-06 3.150492e-07 
57561.441718873 -1.699e-06 3.150492e-07 
57561.441718873 -1.699e-06 3.150492e-07 
57561.441718873 -1.699e-06 3.150492e-07 
57561.441718873 -1.699e-06 3.150492e-07 
57561.441718873 -1.699e-06 3.150492e-07 
57561.441718873 -1.699e-06 3.150492e-07 
57561.441718873 -1.699e-06 3.150492e-07 
57561.441718873 -1.699e-06 3.150492e-07 
57561.441718873 -1.699e-06 3.150492e-07 
57561.441718873 -1.699e-06 3.150492e-07 
57561.441718873 -1.699e-06 3.150492e-07 
57561.441718873 -1.699e-06 3.150492e-07 
57561.441718873 -1.699e-06 3.150492e-07 
57571.142685674 9.265e-07 1.212345e-06 
57571.142685674 9.265e-07 1.212345e-06 
57572.316601512 -5.032e-06 2.225890e-06 
57572.317519795 -3.311e-06 1.178786e-06 
57572.317519795 -3.311e-06 1.178786e-06 
57580.260464195 -2.783e-07 2.455832e-06 
57580.261431661 -9.691e-07 1.277247e-06 
57584.430174080 -2.423e-06 4.350076e-07 
57584.430174080 -2.423e-06 4.350076e-07 
57584.430174080 -2.423e-06 4.350076e-07 
57584.430174080 -2.423e-06 4.350076e-07 
57584.430174080 -2.423e-06 4.350076e-07 
57584.430174080 -2.423e-06 4.350076e-07 
57584.430174080 -2.423e-06 4.350076e-07 
57584.430174080 -2.423e-06 4.350076e-07 
57585.146342273 -3.618e-07 2.898199e-07 
57585.146342273 -3.618e-07 2.898199e-07 
57585.146342273 -3.618e-07 2.898199e-07 
57585.146342273 -3.618e-07 2.898199e-07 
57585.146342273 -3.618e-07 2.898199e-07 
57585.146342273 -3.618e-07 2.898199e-07 
57585.146342273 -3.618e-07 2.898199e-07 
57585.146342273 -3.618e-07 2.898199e-07 
57586.364418038 -2.626e-06 8.632280e-07 
57586.364418038 -2.626e-06 8.632280e-07 
57586.364418038 -2.626e-06 8.632280e-07 
57586.364418038 -2.626e-06 8.632280e-07 
57596.077891857 -2.122e-06 3.366447e-07 
57596.077891857 -2.122e-06 3.366447e-07 
57596.077891857 -2.122e-06 3.366447e-07 
57596.077891857 -2.122e-06 3.366447e-07 
57596.077891857 -2.122e-06 3.366447e-07 
57596.077891857 -2.122e-06 3.366447e-07 
57596.077891857 -2.122e-06 3.366447e-07 
57611.355074202 -4.156e-07 6.743676e-07 
57611.355074202 -4.156e-07 6.743676e-07 
57611.355074202 -4.156e-07 6.743676e-07 
57611.355074202 -4.156e-07 6.743676e-07 
57611.355074202 -4.156e-07 6.743676e-07 
57611.355074202 -4.156e-07 6.743676e-07 
57611.355074202 -4.156e-07 6.743676e-07 
57626.100120292 -1.411e-06 5.581713e-07 
57626.100120292 -1.411e-06 5.581713e-07 
57626.100120292 -1.411e-06 5.581713e-07 
57626.100120292 -1.411e-06 5.581713e-07 
57626.100120292 -1.411e-06 5.581713e-07 
57626.100120292 -1.411e-06 5.581713e-07 
57626.100120292 -1.411e-06 5.581713e-07 
57626.100120292 -1.411e-06 5.581713e-07 
57627.148289942 -1.414e-06 3.935352e-07 
57627.148289942 -1.414e-06 3.935352e-07 
57627.148289942 -1.414e-06 3.935352e-07 
57627.148289942 -1.414e-06 3.935352e-07 
57627.148289942 -1.414e-06 3.935352e-07 
57627.148289942 -1.414e-06 3.935352e-07 
57627.148289942 -1.414e-06 3.935352e-07 
57627.148289942 -1.414e-06 3.935352e-07 
57640.968347756 -8.569e-07 4.181183e-07 
57640.968347756 -8.569e-07 4.181183e-07 
57640.968347756 -8.569e-07 4.181183e-07 
57640.968347756 -8.569e-07 4.181183e-07 
57640.968347756 -8.569e-07 4.181183e-07 
57640.968347756 -8.569e-07 4.181183e-07 
57640.968347756 -8.569e-07 4.181183e-07 
57640.968347756 -8.569e-07 4.181183e-07 
57642.899561657 -2.121e-06 5.228716e-07 
57642.899561657 -2.121e-06 5.228716e-07 
57642.899561657 -2.121e-06 5.228716e-07 
57642.899561657 -2.121e-06 5.228716e-07 
57642.899561657 -2.121e-06 5.228716e-07 
57642.899561657 -2.121e-06 5.228716e-07 
57642.899561657 -2.121e-06 5.228716e-07 
57642.899561657 -2.121e-06 5.228716e-07 
57643.875825494 -2.559e-06 1.167837e-06 
57643.875825494 -2.559e-06 1.167837e-06 
57643.876005695 -1.020e-06 4.069391e-07 
57643.876005695 -1.020e-06 4.069391e-07 
57643.876005695 -1.020e-06 4.069391e-07 
57643.876005695 -1.020e-06 4.069391e-07 
57643.876005695 -1.020e-06 4.069391e-07 
57643.876005695 -1.020e-06 4.069391e-07 
57661.867953840 -1.510e-06 6.789167e-07 
57661.867953840 -1.510e-06 6.789167e-07 
57661.867953840 -1.510e-06 6.789167e-07 
57661.867953840 -1.510e-06 6.789167e-07 
57661.867953840 -1.510e-06 6.789167e-07 
57661.867953840 -1.510e-06 6.789167e-07 
57661.867953840 -1.510e-06 6.789167e-07 
57682.935926664 -4.841e-07 7.291752e-07 
57682.935926664 -4.841e-07 7.291752e-07 
57682.935926664 -4.841e-07 7.291752e-07 
57682.935926664 -4.841e-07 7.291752e-07 
57682.935926664 -4.841e-07 7.291752e-07 
57682.935926664 -4.841e-07 7.291752e-07 
57683.791840451 -1.666e-06 7.567193e-07 
57683.791840451 -1.666e-06 7.567193e-07 
57683.791840451 -1.666e-06 7.567193e-07 
57683.791840451 -1.666e-06 7.567193e-07 
57683.791840451 -1.666e-06 7.567193e-07 
57683.791840451 -1.666e-06 7.567193e-07 
57683.791840451 -1.666e-06 7.567193e-07 
57704.049585751 -1.326e-06 8.656910e-07 
57704.049585751 -1.326e-06 8.656910e-07 
57704.049585751 -1.326e-06 8.656910e-07 
57704.049585751 -1.326e-06 8.656910e-07 
57705.992480710 -1.730e-06 7.121189e-07 
57705.992480710 -1.730e-06 7.121189e-07 
57705.992480710 -1.730e-06 7.121189e-07 
57705.992480710 -1.730e-06 7.121189e-07 
57705.992480710 -1.730e-06 7.121189e-07 
57705.992480710 -1.730e-06 7.121189e-07 
57705.992480710 -1.730e-06 7.121189e-07 
57707.899866029 -1.527e-06 1.262517e-06 
57707.899866029 -1.527e-06 1.262517e-06 
57707.900046075 -1.653e-06 1.988765e-07 
57707.900046075 -1.653e-06 1.988765e-07 
57707.900046075 -1.653e-06 1.988765e-07 
57707.900046075 -1.653e-06 1.988765e-07 
57707.900046075 -1.653e-06 1.988765e-07 
57707.900046075 -1.653e-06 1.988765e-07 
57707.900046075 -1.653e-06 1.988765e-07 
57707.900046075 -1.653e-06 1.988765e-07 
57727.989776175 -5.591e-07 1.278813e-06 
57727.989776175 -5.591e-07 1.278813e-06 
57728.883241072 -1.378e-06 9.865109e-07 
57728.883241072 -1.378e-06 9.865109e-07 
57728.883400588 -1.083e-06 1.855915e-06 
57729.690025134 -8.327e-07 8.451449e-07 
57729.690025134 -8.327e-07 8.451449e-07 
57741.725320363 -1.544e-06 3.713079e-07 
57741.725320363 -1.544e-06 3.713079e-07 
57741.725320363 -1.544e-06 3.713079e-07 
57741.725320363 -1.544e-06 3.713079e-07 
57741.725320363 -1.544e-06 3.713079e-07 
57741.725320363 -1.544e-06 3.713079e-07 
57741.725320363 -1.544e-06 3.713079e-07 
57742.893039858 -1.192e-06 3.076638e-07 
57742.893039858 -1.192e-06 3.076638e-07 
57742.893039858 -1.192e-06 3.076638e-07 
57742.893039858 -1.192e-06 3.076638e-07 
57742.893039858 -1.192e-06 3.076638e-07 
57742.893039858 -1.192e-06 3.076638e-07 
57742.893039858 -1.192e-06 3.076638e-07 
57742.893039858 -1.192e-06 3.076638e-07 
57743.602659346 -1.431e-06 7.662435e-07 
57743.602659346 -1.431e-06 7.662435e-07 
57743.602687638 -2.290e-06 7.739670e-07 
57743.602687638 -2.290e-06 7.739670e-07 
57743.602687638 -2.290e-06 7.739670e-07 
57757.579562414 -1.879e-06 9.681270e-07 
57757.579562414 -1.879e-06 9.681270e-07 
57757.579562414 -1.879e-06 9.681270e-07 
57757.579562414 -1.879e-06 9.681270e-07 
57758.646277316 -8.033e-07 9.112124e-07 
57758.658095017 -7.965e-07 7.102449e-07 
57758.658095017 -7.965e-07 7.102449e-07 
57758.658095017 -7.965e-07 7.102449e-07 
57758.658095017 -7.965e-07 7.102449e-07 
57758.646277316 -8.033e-07 9.112124e-07 
57758.646277316 -8.033e-07 9.112124e-07 
57758.786851274 -1.294e-06 4.219962e-07 
57758.786851274 -1.294e-06 4.219962e-07 
57758.786851274 -1.294e-06 4.219962e-07 
57758.786851274 -1.294e-06 4.219962e-07 
57758.786851274 -1.294e-06 4.219962e-07 
57758.786851274 -1.294e-06 4.219962e-07 
57758.786851274 -1.294e-06 4.219962e-07 
57758.786851274 -1.294e-06 4.219962e-07 
57780.614619509 -1.100e-06 6.147592e-07 
57780.614619509 -1.100e-06 6.147592e-07 
57780.614619509 -1.100e-06 6.147592e-07 
57780.614619509 -1.100e-06 6.147592e-07 
57780.614619509 -1.100e-06 6.147592e-07 
57780.614619509 -1.100e-06 6.147592e-07 
57780.614619509 -1.100e-06 6.147592e-07 
57780.614619509 -1.100e-06 6.147592e-07 
57781.715532404 4.898e-07 1.536934e-06 
57783.522901006 -1.138e-06 6.758120e-07 
57783.522901006 -1.138e-06 6.758120e-07 
57783.522901006 -1.138e-06 6.758120e-07 
57783.523041091 -8.134e-07 7.984757e-07 
57783.523041091 -8.134e-07 7.984757e-07 
57794.483163338 -2.255e-06 1.529889e-06 
57794.483163338 -2.255e-06 1.529889e-06 
57794.483360793 -2.068e-06 7.127572e-07 
57794.483360793 -2.068e-06 7.127572e-07 
57794.483360793 -2.068e-06 7.127572e-07 
57794.544335893 -2.288e-06 5.350534e-07 
57794.544335893 -2.288e-06 5.350534e-07 
57794.544335893 -2.288e-06 5.350534e-07 
57794.544335893 -2.288e-06 5.350534e-07 
57794.544335893 -2.288e-06 5.350534e-07 
57794.544335893 -2.288e-06 5.350534e-07 
57794.544335893 -2.288e-06 5.350534e-07 
57794.544335893 -2.288e-06 5.350534e-07 
57815.625888525 -1.025e-06 5.025010e-07 
57815.625888525 -1.025e-06 5.025010e-07 
57815.625888525 -1.025e-06 5.025010e-07 
57815.625888525 -1.025e-06 5.025010e-07 
57815.625888525 -1.025e-06 5.025010e-07 
57815.625888525 -1.025e-06 5.025010e-07 
57815.625888525 -1.025e-06 5.025010e-07 
57815.625888525 -1.025e-06 5.025010e-07 
57816.501801340 -1.148e-06 6.918049e-07 
57816.501801340 -1.148e-06 6.918049e-07 
57816.501801340 -1.148e-06 6.918049e-07 
57817.620627542 -1.415e-06 8.614088e-07 
57817.620627542 -1.415e-06 8.614088e-07 
57817.620627542 -1.415e-06 8.614088e-07 
57817.620627542 -1.415e-06 8.614088e-07 
57817.620627542 -1.415e-06 8.614088e-07 
57817.620627542 -1.415e-06 8.614088e-07 
57817.620627542 -1.415e-06 8.614088e-07 
57817.620627542 -1.415e-06 8.614088e-07 
57834.524921876 -2.363e-06 6.806032e-07 
57834.524921876 -2.363e-06 6.806032e-07 
57834.524921876 -2.363e-06 6.806032e-07 
57834.524921876 -2.363e-06 6.806032e-07 
57834.524921876 -2.363e-06 6.806032e-07 
57834.524921876 -2.363e-06 6.806032e-07 
57834.524921876 -2.363e-06 6.806032e-07 
57834.524921876 -2.363e-06 6.806032e-07 
57836.535009580 -2.053e-06 6.953180e-07 
57836.535009580 -2.053e-06 6.953180e-07 
57836.535009580 -2.053e-06 6.953180e-07 
57836.535191112 -7.311e-07 1.923506e-06 
57856.452223268 -3.287e-07 6.750929e-07 
57856.452223268 -3.287e-07 6.750929e-07 
57856.452223268 -3.287e-07 6.750929e-07 
57856.452223268 -3.287e-07 6.750929e-07 
57856.452223268 -3.287e-07 6.750929e-07 
57856.452223268 -3.287e-07 6.750929e-07 
57857.298155319 -1.614e-06 5.674841e-07 
57857.298155319 -1.614e-06 5.674841e-07 
57857.298155319 -1.614e-06 5.674841e-07 
57857.298155319 -1.614e-06 5.674841e-07 
57858.421628961 -4.016e-07 1.079522e-06 
57858.421628961 -4.016e-07 1.079522e-06 
57858.421628961 -4.016e-07 1.079522e-06 
57858.421628961 -4.016e-07 1.079522e-06 
57871.300648969 -1.737e-06 4.500773e-07 
57871.300648969 -1.737e-06 4.500773e-07 
57871.300648969 -1.737e-06 4.500773e-07 
57871.300648969 -1.737e-06 4.500773e-07 
57871.300648969 -1.737e-06 4.500773e-07 
57871.300648969 -1.737e-06 4.500773e-07 
57871.300648969 -1.737e-06 4.500773e-07 
57871.300648969 -1.737e-06 4.500773e-07 
57872.319751008 -7.404e-07 1.443721e-06 
57872.319751008 -7.404e-07 1.443721e-06 
57873.377991934 -8.446e-07 7.443209e-07 
57873.377991934 -8.446e-07 7.443209e-07 
57873.377991934 -8.446e-07 7.443209e-07 
57873.378777948 -1.783e-06 3.844086e-07 
57873.378777948 -1.783e-06 3.844086e-07 
57873.378777948 -1.783e-06 3.844086e-07 
57873.378777948 -1.783e-06 3.844086e-07 
57873.378777948 -1.783e-06 3.844086e-07 
57873.378777948 -1.783e-06 3.844086e-07 
57903.397199474 -1.408e-06 6.996617e-08 
57903.397199474 -1.408e-06 6.996617e-08 
57903.397199474 -1.408e-06 6.996617e-08 
57903.397199474 -1.408e-06 6.996617e-08 
57903.397199474 -1.408e-06 6.996617e-08 
57903.397199474 -1.408e-06 6.996617e-08 
57903.397199474 -1.408e-06 6.996617e-08 
57903.397199474 -1.408e-06 6.996617e-08 
57903.397801407 -3.813e-06 2.094888e-06 
57905.199911186 -8.987e-07 6.608436e-07 
57905.199911186 -8.987e-07 6.608436e-07 
57905.199911186 -8.987e-07 6.608436e-07 
57905.199911186 -8.987e-07 6.608436e-07 
57905.199911186 -8.987e-07 6.608436e-07 
57905.199911186 -8.987e-07 6.608436e-07 
57905.199911186 -8.987e-07 6.608436e-07 
57905.199911186 -8.987e-07 6.608436e-07 
57926.197307712 -1.598e-06 3.852548e-07 
57926.197307712 -1.598e-06 3.852548e-07 
57926.197307712 -1.598e-06 3.852548e-07 
57926.197307712 -1.598e-06 3.852548e-07 
57926.197307712 -1.598e-06 3.852548e-07 
57926.197307712 -1.598e-06 3.852548e-07 
57926.197307712 -1.598e-06 3.852548e-07 
57926.197307712 -1.598e-06 3.852548e-07 
57927.251168292 -3.566e-06 1.304520e-06 
57927.251340701 -1.857e-06 9.822151e-07 
57927.251340701 -1.857e-06 9.822151e-07 
57927.251340701 -1.857e-06 9.822151e-07 
57928.334334232 -1.157e-06 6.787485e-07 
57928.334334232 -1.157e-06 6.787485e-07 
57928.334334232 -1.157e-06 6.787485e-07 
57928.334334232 -1.157e-06 6.787485e-07 
57928.334334232 -1.157e-06 6.787485e-07 
57928.334334232 -1.157e-06 6.787485e-07 
57928.334334232 -1.157e-06 6.787485e-07 
57929.369235477 -2.395e-06 1.355508e-06 
57929.369526372 -9.747e-07 7.599658e-07 
57929.369526372 -9.747e-07 7.599658e-07 
57929.369526372 -9.747e-07 7.599658e-07 
57946.394827780 -1.903e-06 1.098915e-06 
57946.394827780 -1.903e-06 1.098915e-06 
57946.394827780 -1.903e-06 1.098915e-06 
57946.394827780 -1.903e-06 1.098915e-06 
57947.106848393 -1.116e-06 5.760934e-07 
57947.106848393 -1.116e-06 5.760934e-07 
57947.106848393 -1.116e-06 5.760934e-07 
57947.106986958 -6.229e-07 1.239111e-06 
57947.106986958 -6.229e-07 1.239111e-06 
57948.112779111 -8.962e-06 2.838587e-06 
57963.337025480 -1.186e-06 9.109265e-07 
57963.337025480 -1.186e-06 9.109265e-07 
57969.401536053 -1.442e-06 4.337953e-07 
57969.401536053 -1.442e-06 4.337953e-07 
57969.401536053 -1.442e-06 4.337953e-07 
57969.401536053 -1.442e-06 4.337953e-07 
57969.401536053 -1.442e-06 4.337953e-07 
57969.401536053 -1.442e-06 4.337953e-07 
57988.178830404 -1.950e-06 5.542856e-07 
57988.178830404 -1.950e-06 5.542856e-07 
57988.178830404 -1.950e-06 5.542856e-07 
57988.178830404 -1.950e-06 5.542856e-07 
57988.178830404 -1.950e-06 5.542856e-07 
57988.178830404 -1.950e-06 5.542856e-07 
57988.178830404 -1.950e-06 5.542856e-07 
57988.178830404 -1.950e-06 5.542856e-07 
57989.977408745 3.434e-07 1.515269e-06 
57989.977408745 3.434e-07 1.515269e-06 
57989.978888619 -1.913e-06 1.204598e-06 
57989.978888619 -1.913e-06 1.204598e-06 
58004.957498007 -1.044e-06 8.295229e-07 
58004.957498007 -1.044e-06 8.295229e-07 
58004.957498007 -1.044e-06 8.295229e-07 
58004.957498007 -1.044e-06 8.295229e-07 
58004.957498007 -1.044e-06 8.295229e-07 
58004.957498007 -1.044e-06 8.295229e-07 
58004.957498007 -1.044e-06 8.295229e-07 
58004.957498007 -1.044e-06 8.295229e-07 
58005.880156246 -2.089e-06 9.960242e-07 
58005.880156246 -2.089e-06 9.960242e-07 
58005.880163834 -8.852e-07 1.010454e-06 
58018.153056996 -1.295e-06 7.316266e-07 
58018.153056996 -1.295e-06 7.316266e-07 
58018.153663446 -2.072e-06 1.590076e-06 
58018.153663446 -2.072e-06 1.590076e-06 
58019.274824682 -9.887e-07 4.947078e-07 
58019.274824682 -9.887e-07 4.947078e-07 
58019.274824682 -9.887e-07 4.947078e-07 
58019.274824682 -9.887e-07 4.947078e-07 
58019.274824682 -9.887e-07 4.947078e-07 
58019.274824682 -9.887e-07 4.947078e-07 
58019.274824682 -9.887e-07 4.947078e-07 
58019.274824682 -9.887e-07 4.947078e-07 
58039.832404990 -2.691e-06 1.857216e-06 
58039.832404990 -2.691e-06 1.857216e-06 
58040.784417707 -1.802e-06 4.679751e-07 
58040.784417707 -1.802e-06 4.679751e-07 
58040.784417707 -1.802e-06 4.679751e-07 
58040.784417707 -1.802e-06 4.679751e-07 
58040.784417707 -1.802e-06 4.679751e-07 
58040.784417707 -1.802e-06 4.679751e-07 
58040.784417707 -1.802e-06 4.679751e-07 
58040.784417707 -1.802e-06 4.679751e-07 
58059.902431120 -1.268e-06 5.097699e-07 
58059.902431120 -1.268e-06 5.097699e-07 
58059.902431120 -1.268e-06 5.097699e-07 
58059.902431120 -1.268e-06 5.097699e-07 
58059.902431120 -1.268e-06 5.097699e-07 
58059.902431120 -1.268e-06 5.097699e-07 
58059.902431120 -1.268e-06 5.097699e-07 
58059.902431120 -1.268e-06 5.097699e-07 
58061.129571391 -3.065e-06 1.098198e-06 
58061.129582605 -2.162e-06 9.971261e-07 
58061.129582605 -2.162e-06 9.971261e-07 
58061.129582605 -2.162e-06 9.971261e-07 
58063.767514774 -9.379e-07 9.640245e-07 
58063.767514774 -9.379e-07 9.640245e-07 
58063.767514774 -9.379e-07 9.640245e-07 
58063.767514774 -9.379e-07 9.640245e-07 
58081.691358862 -1.315e-06 9.194810e-07 
58081.691358862 -1.315e-06 9.194810e-07 
58081.691486897 -1.317e-06 4.821441e-07 
58081.691486897 -1.317e-06 4.821441e-07 
58081.691486897 -1.317e-06 4.821441e-07 
58081.691486897 -1.317e-06 4.821441e-07 
58081.691486897 -1.317e-06 4.821441e-07 
58081.691486897 -1.317e-06 4.821441e-07 
58081.691486897 -1.317e-06 4.821441e-07 
58082.770593773 -1.194e-06 3.989923e-07 
58082.770593773 -1.194e-06 3.989923e-07 
58082.770593773 -1.194e-06 3.989923e-07 
58082.770593773 -1.194e-06 3.989923e-07 
58082.770593773 -1.194e-06 3.989923e-07 
58082.770593773 -1.194e-06 3.989923e-07 
58082.770593773 -1.194e-06 3.989923e-07 
58082.770593773 -1.194e-06 3.989923e-07 
58095.636989495 -5.289e-07 1.211887e-06 
58095.636989495 -5.289e-07 1.211887e-06 
58095.637486004 -6.772e-07 2.327871e-06 
58096.687663555 -1.584e-06 3.309389e-07 
58096.687663555 -1.584e-06 3.309389e-07 
58096.687663555 -1.584e-06 3.309389e-07 
58096.687663555 -1.584e-06 3.309389e-07 
58096.687663555 -1.584e-06 3.309389e-07 
58096.687663555 -1.584e-06 3.309389e-07 
58096.687663555 -1.584e-06 3.309389e-07 
58096.687663555 -1.584e-06 3.309389e-07 
58097.721181997 -1.302e-06 4.611333e-07 
58097.721181997 -1.302e-06 4.611333e-07 
58097.721181997 -1.302e-06 4.611333e-07 
58097.721181997 -1.302e-06 4.611333e-07 
58097.721181997 -1.302e-06 4.611333e-07 
58097.721181997 -1.302e-06 4.611333e-07 
58097.721181997 -1.302e-06 4.611333e-07 
58097.721181997 -1.302e-06 4.611333e-07 
58114.779250670 -1.583e-06 4.780846e-07 
58114.779250670 -1.583e-06 4.780846e-07 
58114.779250670 -1.583e-06 4.780846e-07 
58114.779250670 -1.583e-06 4.780846e-07 
58114.779250670 -1.583e-06 4.780846e-07 
58114.779250670 -1.583e-06 4.780846e-07 
58114.779250670 -1.583e-06 4.780846e-07 
58114.779250670 -1.583e-06 4.780846e-07 
58115.590734720 -9.803e-07 1.578327e-06 
58115.590734720 -9.803e-07 1.578327e-06 
58115.591100921 -2.255e-06 1.304520e-06 
58129.607194643 -7.234e-07 5.092652e-07 
58129.607194643 -7.234e-07 5.092652e-07 
58129.607194643 -7.234e-07 5.092652e-07 
58129.607194643 -7.234e-07 5.092652e-07 
58129.607194643 -7.234e-07 5.092652e-07 
58129.607194643 -7.234e-07 5.092652e-07 
58129.607194643 -7.234e-07 5.092652e-07 
58129.607194643 -7.234e-07 5.092652e-07 
58130.572478489 -1.481e-06 1.777651e-06 
58130.573229877 -1.766e-06 1.814491e-06 
58130.573229877 -1.766e-06 1.814491e-06 
58131.684783622 -2.214e-06 6.963821e-07 
58131.684783622 -2.214e-06 6.963821e-07 
58131.684783622 -2.214e-06 6.963821e-07 
58131.684783622 -2.214e-06 6.963821e-07 
58131.684783622 -2.214e-06 6.963821e-07 
58131.684783622 -2.214e-06 6.963821e-07 
58131.684783622 -2.214e-06 6.963821e-07 
58131.684783622 -2.214e-06 6.963821e-07 
58144.633032449 -5.078e-07 1.049175e-06 
58144.633032449 -5.078e-07 1.049175e-06 
58144.633578592 -5.601e-07 1.043664e-06 
58144.633578592 -5.601e-07 1.043664e-06 
58145.793722915 -1.712e-06 7.993692e-07 
58145.793722915 -1.712e-06 7.993692e-07 
58145.793722915 -1.712e-06 7.993692e-07 
58145.793722915 -1.712e-06 7.993692e-07 
58145.793722915 -1.712e-06 7.993692e-07 
58146.513377983 -3.788e-06 1.448794e-06 
58146.513377983 -3.788e-06 1.448794e-06 
58165.573858301 -2.152e-06 2.099250e-06 
58165.574641470 -9.220e-07 6.874890e-07 
58165.574641470 -9.220e-07 6.874890e-07 
58165.574641470 -9.220e-07 6.874890e-07 
58165.574641470 -9.220e-07 6.874890e-07 
58185.612607368 -2.831e-06 2.036774e-06 
58186.597211153 -1.392e-06 4.853018e-07 
58186.597211153 -1.392e-06 4.853018e-07 
58186.597211153 -1.392e-06 4.853018e-07 
58186.597211153 -1.392e-06 4.853018e-07 
58186.597211153 -1.392e-06 4.853018e-07 
58186.597211153 -1.392e-06 4.853018e-07 
58186.597211153 -1.392e-06 4.853018e-07 
58186.597211153 -1.392e-06 4.853018e-07 
58209.421733130 -2.759e-06 1.076687e-06 
58209.421733130 -2.759e-06 1.076687e-06 
58209.422285956 -1.869e-06 6.505722e-07 
58209.422285956 -1.869e-06 6.505722e-07 
58209.422285956 -1.869e-06 6.505722e-07 
58209.422285956 -1.869e-06 6.505722e-07 
58210.357825042 -1.457e-06 5.607372e-07 
58210.357825042 -1.457e-06 5.607372e-07 
58210.357825042 -1.457e-06 5.607372e-07 
58210.357825042 -1.457e-06 5.607372e-07 
58210.357825042 -1.457e-06 5.607372e-07 
58210.357825042 -1.457e-06 5.607372e-07 
58210.357825042 -1.457e-06 5.607372e-07 
58212.325965865 -1.393e-06 6.001256e-07 
58212.325965865 -1.393e-06 6.001256e-07 
58212.325965865 -1.393e-06 6.001256e-07 
58212.325965865 -1.393e-06 6.001256e-07 
58212.325965865 -1.393e-06 6.001256e-07 
58212.325965865 -1.393e-06 6.001256e-07 
58212.325965865 -1.393e-06 6.001256e-07 
58212.325965865 -1.393e-06 6.001256e-07 
58229.291576788 -1.399e-06 6.783982e-07 
58229.291576788 -1.399e-06 6.783982e-07 
58229.291576788 -1.399e-06 6.783982e-07 
58229.291576788 -1.399e-06 6.783982e-07 
58229.291576788 -1.399e-06 6.783982e-07 
58229.291576788 -1.399e-06 6.783982e-07 
58229.291576788 -1.399e-06 6.783982e-07 
58229.291576788 -1.399e-06 6.783982e-07 
58229.627557799 -1.160e-06 6.468274e-07 
58229.627557799 -1.160e-06 6.468274e-07 
58229.627557799 -1.160e-06 6.468274e-07 
58229.627908210 -9.548e-07 8.108114e-07 
58229.627908210 -9.548e-07 8.108114e-07 
58229.627908210 -9.548e-07 8.108114e-07 
