0.000193018 6.61699e-26 2.41471e-25
0.000386036 4.62647e-27 1.3275e-26
0.000579054 6.59383e-28 2.34148e-27
0.000772072 1.67239e-28 6.79801e-28
0.000965091 7.237e-29 2.60486e-28
0.00115811 6.34721e-30 1.19274e-28
0.00135113 8.12471e-30 6.18947e-29
0.00154414 9.81396e-30 3.52813e-29
0.00173716 6.60144e-30 2.16443e-29
0.00193018 2.11448e-29 1.41134e-29
0.0021232 1.54261e-29 9.68678e-30
0.00231622 8.88377e-30 6.94194e-30
0.00250924 3.20418e-31 5.18121e-30
0.00270225 4.8263e-30 4.04339e-30
0.00289527 9.31221e-31 3.18127e-30
0.00308829 2.17895e-30 2.56412e-30
0.00328131 6.44549e-31 2.12987e-30
0.00347433 3.6133e-31 1.8118e-30
0.00366734 3.42156e-31 1.55895e-30
0.00386036 2.52215e-30 1.36708e-30
0.00405338 6.80833e-30 1.21585e-30
0.0042464 2.84791e-30 1.09242e-30
0.00443942 1.41707e-30 9.95882e-31
0.00463243 1.58655e-30 9.11768e-31
0.00482545 2.69698e-30 8.46243e-31
0.00501847 1.84845e-30 7.90902e-31
0.00521149 7.48589e-31 7.43058e-31
0.00540451 1.37711e-30 7.06141e-31
0.00559753 3.50353e-30 6.76445e-31
0.00579054 1.25826e-31 6.41089e-31
0.00598356 3.16366e-30 6.13307e-31
0.00617658 4.33178e-32 5.88726e-31
0.0063696 4.87456e-31 5.68998e-31
0.00656262 3.36083e-31 5.52549e-31
0.00675563 1.19704e-30 5.38834e-31
0.00694865 2.72268e-30 5.26224e-31
0.00714167 2.105e-31 5.18227e-31
0.00733469 1.9931e-30 5.10341e-31
0.00752771 8.68167e-31 4.96278e-31
0.00772072 1.9693e-30 4.89528e-31
0.00791374 6.59855e-30 4.85074e-31
0.00810676 1.52827e-30 4.7916e-31
0.00829978 1.3624e-30 4.73879e-31
0.0084928 1.4632e-30 4.70372e-31
0.00868581 5.60423e-31 4.70099e-31
0.00887883 2.49737e-30 4.58231e-31
0.00907185 3.8913e-30 4.64709e-31
0.00926487 1.21721e-30 4.64275e-31
0.00945789 3.79943e-31 4.47514e-31
0.00965091 4.34403e-31 4.56823e-31
0.00984392 8.22449e-31 4.43936e-31
0.0100369 3.91799e-31 4.37885e-31
0.01023 1.55201e-30 4.35123e-31
0.010423 8.89834e-31 4.42642e-31
0.010616 2.10059e-31 4.35318e-31
0.010809 3.97116e-31 4.29865e-31
0.011002 3.52508e-30 4.30831e-31
0.0111951 9.48019e-32 4.26049e-31
0.0113881 2.01189e-30 4.25305e-31
0.0115811 9.07811e-31 4.26932e-31
0.0117741 1.81647e-30 4.2082e-31
0.0119671 1.65382e-30 4.18973e-31
0.0121601 1.68265e-30 4.26134e-31
0.0123532 3.87599e-31 4.24963e-31
0.0125462 1.17806e-30 4.17426e-31
0.0127392 1.63123e-31 4.19615e-31
0.0129322 2.68124e-31 4.33944e-31
0.0131252 2.6448e-30 4.23217e-31
0.0133182 3.62971e-30 4.32113e-31
0.0135113 3.18702e-31 4.26374e-31
0.0137043 1.9815e-30 4.15065e-31
0.0138973 5.24475e-30 4.15034e-31
0.0140903 4.941e-30 4.17662e-31
0.0142833 3.02612e-30 4.16817e-31
0.0144764 3.29034e-30 4.16632e-31
0.0146694 7.4298e-32 4.27169e-31
0.0148624 9.24645e-31 4.64284e-31
0.0150554 1.86466e-30 4.38092e-31
0.0152484 8.32932e-31 4.24729e-31
0.0154414 1.2405e-30 4.1613e-31
0.0156345 2.05369e-30 4.32118e-31
0.0158275 5.27374e-31 4.50526e-31
0.0160205 3.37279e-30 4.66227e-31
0.0162135 2.47285e-30 4.32187e-31
0.0164065 2.27273e-31 4.34216e-31
0.0165996 1.36352e-30 4.17407e-31
0.0167926 1.57369e-30 4.52883e-31
0.0169856 2.21226e-30 4.42047e-31
0.0171786 1.15769e-30 4.20013e-31
0.0173716 4.71589e-31 4.25061e-31
0.0175646 4.49191e-31 4.44525e-31
0.0177577 2.60887e-31 4.64685e-31
0.0179507 3.48832e-31 4.34845e-31
0.0181437 1.11378e-30 4.30823e-31
0.0183367 2.15184e-30 4.39634e-31
0.0185297 4.75127e-31 4.385e-31
0.0187228 3.21084e-30 4.45296e-31
0.0189158 8.69217e-32 4.2904e-31
0.0191088 1.09612e-31 4.29425e-31
0.0193018 1.17918e-31 4.51047e-31
0.0194948 1.05484e-30 4.46992e-31
0.0196878 1.55872e-30 4.59588e-31
0.0198809 8.52126e-31 4.33682e-31
0.0200739 1.41803e-30 4.61547e-31
0.0202669 1.1399e-31 4.49946e-31
0.0204599 8.26923e-31 4.39253e-31
0.0206529 1.51971e-31 4.23953e-31
0.020846 1.21942e-31 4.20867e-31
0.021039 3.22652e-30 4.19242e-31
0.021232 7.51817e-31 4.27021e-31
0.021425 2.35915e-30 4.1921e-31
0.021618 1.50868e-31 4.19706e-31
0.021811 1.52391e-30 4.22843e-31
0.0220041 8.6505e-31 4.38702e-31
0.0221971 2.52269e-32 4.4886e-31
0.0223901 5.9489e-31 4.48536e-31
0.0225831 9.42947e-31 4.35177e-31
0.0227761 2.53906e-30 4.24733e-31
0.0229692 9.42991e-31 4.29244e-31
0.0231622 3.80688e-32 4.48595e-31
0.0233552 1.97772e-31 4.38804e-31
0.0235482 4.78951e-32 4.28746e-31
0.0237412 4.46771e-31 4.33458e-31
0.0239342 1.12115e-30 4.47901e-31
0.0241273 2.28513e-30 4.40904e-31
0.0243203 8.6025e-31 4.48635e-31
0.0245133 3.35798e-30 4.36801e-31
0.0247063 2.60095e-30 4.51357e-31
0.0248993 1.91205e-30 4.63177e-31
0.0250924 1.69887e-30 4.7542e-31
0.0252854 3.77746e-30 4.53364e-31
0.0254784 2.8599e-30 4.50138e-31
0.0256714 4.60414e-30 4.52346e-31
0.0258644 6.15179e-30 4.51419e-31
0.0260574 1.03817e-30 4.57759e-31
0.0262505 6.84064e-32 4.61201e-31
0.0264435 1.131e-30 4.70498e-31
0.0266365 1.24598e-31 4.68513e-31
0.0268295 1.9005e-31 4.78267e-31
0.0270225 1.26567e-30 4.81545e-31
0.0272156 3.49092e-31 4.78961e-31
0.0274086 1.08277e-30 4.83558e-31
0.0276016 3.32245e-30 4.8462e-31
0.0277946 5.32237e-30 4.88355e-31
0.0279876 2.53278e-30 5.11563e-31
0.0281806 6.19706e-30 5.06604e-31
0.0283737 3.81706e-30 5.06357e-31
0.0285667 2.19243e-31 5.10512e-31
0.0287597 7.11919e-31 5.21374e-31
0.0289527 3.67413e-31 5.32546e-31
0.0291457 5.17957e-31 5.31645e-31
0.0293388 6.0878e-30 5.35648e-31
0.0295318 3.88904e-30 5.14462e-31
0.0297248 3.4379e-31 5.22e-31
0.0299178 2.72878e-30 5.39561e-31
0.0301108 1.66488e-30 5.33921e-31
0.0303038 7.10143e-31 5.21442e-31
0.0304969 4.72884e-30 5.29226e-31
0.0306899 3.96359e-31 5.29415e-31
0.0308829 9.6525e-31 5.5109e-31
0.0310759 4.33209e-30 5.27649e-31
0.0312689 2.32699e-30 5.33483e-31
0.031462 2.67331e-31 5.55078e-31
0.031655 3.43721e-31 5.36883e-31
0.031848 4.11947e-30 5.33884e-31
0.032041 2.25442e-30 5.37486e-31
0.032234 1.5202e-30 5.42944e-31
0.032427 3.84426e-30 5.39274e-31
0.0326201 2.53463e-31 5.42634e-31
0.0328131 2.06359e-30 5.4537e-31
0.0330061 1.40658e-30 5.45327e-31
0.0331991 7.30698e-31 5.47307e-31
0.0333921 1.54322e-30 5.59698e-31
0.0335852 1.00968e-30 5.56548e-31
0.0337782 2.70961e-31 5.54385e-31
0.0339712 3.77098e-30 5.54764e-31
0.0341642 1.53198e-30 5.72976e-31
0.0343572 4.70291e-31 5.77825e-31
0.0345502 1.07815e-30 5.70522e-31
0.0347433 1.71249e-30 5.66294e-31
0.0349363 5.91972e-31 5.71478e-31
0.0351293 1.92642e-30 5.60386e-31
0.0353223 3.38605e-30 5.71019e-31
0.0355153 7.47793e-31 5.59338e-31
0.0357083 1.22791e-30 5.58929e-31
0.0359014 1.82663e-30 5.62305e-31
0.0360944 2.43581e-30 5.59621e-31
0.0362874 3.12015e-30 5.53769e-31
0.0364804 3.77282e-30 5.55756e-31
0.0366734 2.61329e-32 5.55244e-31
0.0368665 3.39284e-30 5.523e-31
0.0370595 1.4474e-30 5.5232e-31
0.0372525 7.8943e-31 5.56842e-31
0.0374455 5.64074e-31 5.53709e-31
0.0376385 3.94005e-31 5.57147e-31
0.0378315 2.25251e-30 5.58346e-31
0.0380246 1.34076e-30 5.54178e-31
0.0382176 2.34214e-30 5.62156e-31
0.0384106 1.28514e-30 5.35359e-31
0.0386036 3.32963e-31 5.34023e-31
0.0387966 6.6601e-31 5.30214e-31
0.0389897 2.29023e-30 5.26899e-31
0.0391827 3.27494e-30 5.32788e-31
0.0393757 1.93531e-30 5.2482e-31
0.0395687 1.77483e-30 5.20174e-31
0.0397617 5.01583e-31 5.38305e-31
0.0399547 1.5105e-30 5.18181e-31
0.0401478 3.08261e-31 5.12226e-31
0.0403408 7.57415e-31 5.0852e-31
0.0405338 5.02675e-31 5.29398e-31
0.0407268 1.02769e-30 5.4295e-31
0.0409198 2.7894e-31 4.99032e-31
0.0411129 5.99185e-31 5.10312e-31
0.0413059 1.0684e-30 4.91521e-31
0.0414989 1.77328e-30 4.8685e-31
0.0416919 1.00667e-30 4.86955e-31
0.0418849 1.2211e-30 5.01915e-31
0.0420779 1.35237e-30 4.94048e-31
0.042271 7.89628e-32 4.89403e-31
0.042464 7.50529e-31 4.79406e-31
0.042657 3.14701e-30 4.84243e-31
0.04285 1.41341e-30 5.11298e-31
0.043043 2.21718e-30 4.88845e-31
0.0432361 1.49159e-30 4.69034e-31
0.0434291 1.02627e-31 4.72716e-31
0.0436221 2.07669e-30 4.64849e-31
0.0438151 5.89229e-31 4.64488e-31
0.0440081 1.02933e-30 4.66004e-31
0.0442011 4.47991e-31 4.74713e-31
0.0443942 5.70761e-31 4.67848e-31
0.0445872 1.57103e-30 4.62898e-31
0.0447802 9.01678e-32 4.75611e-31
0.0449732 2.31799e-31 4.68178e-31
0.0451662 1.48636e-30 4.62226e-31
0.0453593 1.2382e-30 4.59857e-31
0.0455523 2.63636e-30 4.64993e-31
0.0457453 9.6314e-31 4.68063e-31
0.0459383 2.30203e-30 4.79503e-31
0.0461313 8.84914e-31 4.73015e-31
0.0463243 1.79953e-30 4.61019e-31
0.0465174 4.99126e-30 4.69694e-31
0.0467104 8.73086e-31 4.63045e-31
0.0469034 2.03763e-30 4.62006e-31
0.0470964 6.31777e-31 4.61762e-31
0.0472894 2.77896e-30 4.61104e-31
0.0474825 1.79421e-30 4.77953e-31
0.0476755 5.01146e-31 4.69711e-31
0.0478685 2.95807e-30 4.63506e-31
0.0480615 1.18303e-30 4.68501e-31
0.0482545 2.16504e-33 4.73749e-31
0.0484475 6.8761e-31 4.75934e-31
0.0486406 1.22067e-30 4.71526e-31
0.0488336 9.56667e-31 4.68612e-31
0.0490266 9.77238e-32 4.65163e-31
0.0492196 3.77155e-31 4.60505e-31
0.0494126 8.13261e-31 4.60907e-31
0.0496057 4.91302e-32 4.57058e-31
0.0497987 3.88413e-31 4.63251e-31
0.0499917 4.20965e-31 4.62554e-31
0.0501847 7.50083e-31 4.57783e-31
0.0503777 2.41483e-30 4.73786e-31
0.0505707 1.81061e-31 4.83629e-31
0.0507638 7.59399e-32 4.64533e-31
0.0509568 1.32717e-30 5.06555e-31
0.0511498 1.28027e-31 4.68986e-31
0.0513428 2.13296e-30 4.61778e-31
0.0515358 1.51448e-30 4.43205e-31
0.0517289 9.37956e-31 4.48733e-31
0.0519219 8.6005e-32 4.59366e-31
0.0521149 1.26893e-30 4.61509e-31
0.0523079 2.76118e-30 4.62717e-31
0.0525009 1.94658e-32 4.43169e-31
0.0526939 8.26506e-31 4.40241e-31
0.052887 4.75548e-31 4.64034e-31
0.05308 2.40448e-30 4.64388e-31
0.053273 2.58291e-30 4.60347e-31
0.053466 6.43495e-31 4.41655e-31
0.053659 4.29039e-31 4.42782e-31
0.0538521 4.98711e-31 4.38993e-31
0.0540451 8.51976e-32 4.50324e-31
0.0542381 3.45774e-32 4.34252e-31
0.0544311 2.07446e-31 4.41915e-31
0.0546241 1.00835e-31 4.83465e-31
0.0548171 3.12243e-31 4.69057e-31
0.0550102 1.12291e-30 4.56146e-31
0.0552032 1.61686e-30 4.33729e-31
0.0553962 1.02922e-30 4.34383e-31
0.0555892 5.2469e-31 4.43547e-31
0.0557822 3.4107e-31 4.42097e-31
0.0559753 6.91081e-31 4.33034e-31
0.0561683 9.72568e-32 4.39017e-31
0.0563613 6.19846e-31 4.43697e-31
0.0565543 2.82302e-31 4.46537e-31
0.0567473 1.92513e-32 4.40426e-31
0.0569403 4.53699e-31 4.40348e-31
0.0571334 2.10684e-30 4.73688e-31
0.0573264 3.48277e-30 4.92738e-31
0.0575194 3.46393e-30 5.06833e-31
0.0577124 2.27465e-30 4.52454e-31
0.0579054 2.7751e-32 4.39018e-31
0.0580984 6.31085e-31 4.4607e-31
0.0582915 5.59972e-31 4.60605e-31
0.0584845 7.54853e-31 4.58652e-31
0.0586775 1.70324e-30 4.51387e-31
0.0588705 9.37256e-32 4.42736e-31
0.0590635 7.88664e-31 4.59535e-31
0.0592566 3.97178e-31 4.53315e-31
0.0594496 1.05978e-31 4.43099e-31
0.0596426 2.54733e-31 4.42372e-31
0.0598356 5.989e-31 4.59053e-31
0.0600286 1.96299e-32 4.95296e-31
0.0602216 4.2868e-31 4.81941e-31
0.0604147 1.14073e-30 4.53183e-31
0.0606077 1.05602e-30 4.5244e-31
0.0608007 4.9102e-31 4.60956e-31
0.0609937 1.23037e-31 4.65593e-31
0.0611867 1.83663e-31 4.86294e-31
0.0613798 1.1064e-30 4.69976e-31
0.0615728 5.87388e-31 4.61051e-31
0.0617658 3.02304e-33 4.57718e-31
0.0619588 2.61127e-31 4.61263e-31
0.0621518 4.85229e-32 4.63108e-31
0.0623448 3.51192e-32 4.7326e-31
0.0625379 5.25705e-32 4.85651e-31
0.0627309 2.07395e-31 4.98286e-31
0.0629239 2.10533e-31 4.72842e-31
0.0631169 1.44411e-30 4.81999e-31
0.0633099 4.35064e-31 4.70648e-31
0.063503 1.35945e-32 4.67918e-31
0.063696 6.29704e-31 4.86556e-31
0.063889 2.87211e-31 4.88812e-31
0.064082 1.79545e-31 4.79731e-31
0.064275 4.63027e-32 4.72639e-31
0.064468 1.04493e-30 4.87974e-31
0.0646611 1.40433e-32 4.7743e-31
0.0648541 1.02833e-30 4.7618e-31
0.0650471 5.36801e-31 4.80337e-31
0.0652401 1.04182e-31 4.82481e-31
0.0654331 2.35989e-30 4.89713e-31
0.0656262 2.18077e-30 4.77935e-31
0.0658192 1.02978e-31 4.79037e-31
0.0660122 1.5278e-30 4.76313e-31
0.0662052 4.78357e-31 4.77484e-31
0.0663982 1.02957e-31 4.816e-31
0.0665912 1.06215e-30 4.82672e-31
0.0667843 3.97064e-30 4.77534e-31
0.0669773 3.26539e-31 4.86205e-31
0.0671703 6.93584e-31 4.83659e-31
0.0673633 1.07575e-30 4.86939e-31
0.0675563 5.06753e-31 4.80337e-31
0.0677494 1.21756e-30 4.80788e-31
0.0679424 1.60856e-31 4.86829e-31
0.0681354 8.25286e-31 4.86032e-31
0.0683284 8.83219e-31 4.97467e-31
0.0685214 5.17098e-31 4.97939e-31
0.0687144 1.92734e-31 4.74905e-31
0.0689075 1.31355e-30 4.74585e-31
0.0691005 2.63649e-30 4.84963e-31
0.0692935 3.09185e-30 5.19194e-31
0.0694865 3.90323e-30 4.91463e-31
0.0696795 3.63815e-30 4.83403e-31
0.0698726 5.8499e-31 4.7993e-31
0.0700656 2.78353e-31 4.72724e-31
0.0702586 6.52191e-30 4.74704e-31
0.0704516 8.52083e-31 4.73986e-31
0.0706446 1.42438e-30 4.84102e-31
0.0708376 2.0829e-30 4.71892e-31
0.0710307 3.20634e-31 4.79922e-31
0.0712237 1.10161e-31 4.78054e-31
0.0714167 1.95556e-31 4.85789e-31
0.0716097 4.94896e-31 4.84432e-31
0.0718027 3.19703e-30 4.90011e-31
0.0719958 1.42488e-30 4.81954e-31
0.0721888 3.76767e-31 4.88274e-31
0.0723818 4.47198e-31 4.85727e-31
0.0725748 6.36227e-30 4.91187e-31
0.0727678 1.43254e-30 4.8832e-31
0.0729608 1.80786e-30 4.8792e-31
0.0731539 3.15023e-30 4.91294e-31
0.0733469 2.64961e-30 4.90755e-31
0.0735399 6.06445e-30 4.93763e-31
0.0737329 2.65708e-30 4.91501e-31
0.0739259 7.64164e-31 4.98685e-31
0.074119 2.86617e-31 5.02308e-31
0.074312 4.18374e-31 5.01268e-31
0.074505 1.30183e-30 4.96664e-31
0.074698 2.41935e-30 4.94231e-31
0.074891 9.27494e-31 5.02786e-31
0.075084 8.57929e-31 4.99698e-31
0.0752771 1.08536e-30 5.06962e-31
0.0754701 5.87689e-30 4.96814e-31
0.0756631 3.81116e-30 5.16085e-31
0.0758561 1.79763e-30 5.10424e-31
0.0760491 2.56194e-30 5.01815e-31
0.0762422 6.66524e-30 4.96075e-31
0.0764352 4.74175e-30 4.9949e-31
0.0766282 7.17747e-30 5.11164e-31
0.0768212 1.3616e-30 5.01968e-31
0.0770142 3.68125e-31 4.97163e-31
0.0772072 6.0069e-31 5.07959e-31
0.0774003 6.01055e-30 5.39671e-31
0.0775933 9.80618e-31 5.26169e-31
0.0777863 9.50855e-31 5.03951e-31
0.0779793 3.71562e-30 4.97897e-31
0.0781723 2.45889e-30 4.97756e-31
0.0783654 6.72115e-30 5.00518e-31
0.0785584 4.22531e-30 5.03421e-31
0.0787514 1.68542e-30 5.35141e-31
0.0789444 5.5279e-31 5.18559e-31
0.0791374 1.57609e-31 5.14733e-31
0.0793304 3.93626e-31 5.01331e-31
0.0795235 1.17648e-31 5.06396e-31
0.0797165 4.59559e-31 5.0261e-31
0.0799095 5.84729e-31 5.15854e-31
0.0801025 5.84656e-31 4.98733e-31
0.0802955 1.56303e-30 5.02588e-31
0.0804885 6.93995e-31 5.20495e-31
0.0806816 3.80017e-30 5.23555e-31
0.0808746 2.2653e-30 5.04518e-31
0.0810676 1.70711e-30 5.01492e-31
0.0812606 4.00478e-30 5.06192e-31
0.0814536 9.09228e-31 5.18131e-31
0.0816467 1.23599e-30 5.03634e-31
0.0818397 1.8023e-30 5.09486e-31
0.0820327 3.55216e-32 4.8741e-31
0.0822257 7.88386e-31 4.79804e-31
0.0824187 2.26434e-30 4.85323e-31
0.0826117 1.45334e-30 4.76245e-31
0.0828048 1.10263e-30 4.75767e-31
0.0829978 4.11822e-31 4.78089e-31
0.0831908 3.78137e-31 4.81493e-31
0.0833838 5.35068e-31 4.75125e-31
0.0835768 3.01857e-31 4.70389e-31
0.0837699 3.56414e-31 4.66276e-31
0.0839629 1.7173e-30 4.61848e-31
0.0841559 8.19227e-31 4.62701e-31
0.0843489 3.6417e-31 4.63228e-31
0.0845419 1.64206e-30 4.63432e-31
0.0847349 3.87263e-31 4.63001e-31
0.084928 1.48137e-31 4.52784e-31
0.085121 1.59682e-30 4.47104e-31
0.085314 2.83624e-30 4.55659e-31
0.085507 4.25216e-31 4.57388e-31
0.0857 2.55523e-30 4.6682e-31
0.0858931 1.19916e-30 4.53628e-31
0.0860861 1.8915e-30 4.35515e-31
0.0862791 1.33599e-30 4.3653e-31
0.0864721 1.70454e-30 4.4138e-31
0.0866651 6.07892e-31 4.45296e-31
0.0868581 5.52729e-30 4.34004e-31
0.0870512 6.573e-30 4.29827e-31
0.0872442 1.02869e-30 4.44966e-31
0.0874372 4.8486e-30 4.48023e-31
0.0876302 2.42728e-30 4.44445e-31
0.0878232 2.0854e-31 4.29378e-31
0.0880163 9.23679e-31 4.28183e-31
0.0882093 6.24064e-31 4.29679e-31
0.0884023 5.84056e-31 4.25788e-31
0.0885953 8.08426e-31 4.27701e-31
0.0887883 5.81189e-30 4.19967e-31
0.0889813 2.46292e-30 4.34386e-31
0.0891744 1.34346e-30 4.50665e-31
0.0893674 3.35622e-30 4.7683e-31
0.0895604 2.53993e-30 4.31651e-31
0.0897534 2.20753e-30 4.42894e-31
0.0899464 3.89962e-30 4.68472e-31
0.0901395 2.05146e-31 4.64046e-31
0.0903325 6.40889e-30 4.45328e-31
0.0905255 5.41187e-31 4.31061e-31
0.0907185 7.57294e-31 4.20236e-31
0.0909115 6.92233e-31 4.3848e-31
0.0911045 2.41745e-30 4.47143e-31
0.0912976 9.44922e-31 4.38331e-31
0.0914906 1.105e-30 4.20452e-31
0.0916836 1.82624e-30 4.39957e-31
0.0918766 3.01502e-30 4.69111e-31
0.0920696 1.04616e-30 4.61097e-31
0.0922627 2.8819e-30 4.32645e-31
0.0924557 1.42601e-30 4.32309e-31
0.0926487 1.37046e-31 4.60664e-31
0.0928417 8.09589e-31 4.71504e-31
0.0930347 5.58261e-31 4.41377e-31
0.0932277 4.21893e-31 4.27301e-31
0.0934208 2.56704e-30 4.30774e-31
0.0936138 1.61027e-30 4.58248e-31
0.0938068 1.07425e-30 4.58425e-31
0.0939998 1.51499e-30 4.31171e-31
0.0941928 1.27794e-31 4.31805e-31
0.0943859 2.06638e-31 4.44026e-31
0.0945789 1.58171e-31 4.44618e-31
0.0947719 1.72269e-30 4.43104e-31
0.0949649 8.91387e-33 4.32939e-31
0.0951579 6.36149e-32 4.3902e-31
0.0953509 1.47162e-33 4.52479e-31
0.095544 4.04306e-31 4.68243e-31
0.095737 4.10566e-30 4.64642e-31
0.09593 4.27532e-31 4.51562e-31
0.096123 5.25852e-32 4.56002e-31
0.096316 1.87151e-30 4.80613e-31
0.0965091 2.98482e-30 4.69513e-31
0.0967021 1.47344e-30 4.68489e-31
0.0968951 8.35111e-31 4.62169e-31
0.0970881 2.37758e-32 4.79758e-31
0.0972811 3.02039e-31 4.9863e-31
0.0974741 1.29028e-30 4.96577e-31
0.0976672 1.12641e-30 4.86951e-31
0.0978602 1.95182e-31 4.78536e-31
0.0980532 1.88791e-31 4.87339e-31
0.0982462 2.94543e-30 4.96106e-31
0.0984392 1.53255e-30 4.91803e-31
0.0986323 7.87064e-31 4.96228e-31
0.0988253 6.40151e-31 5.00457e-31
0.0990183 4.94178e-31 5.08417e-31
0.0992113 1.74109e-30 5.02424e-31
0.0994043 2.11482e-30 4.97653e-31
0.0995973 3.87817e-31 4.95576e-31
0.0997904 2.35525e-32 4.91863e-31
0.0999834 1.98631e-30 5.2767e-31
0.100176 2.7715e-31 5.13644e-31
0.100369 4.00745e-31 5.03982e-31
0.100562 1.33568e-31 5.00319e-31
0.100755 1.37326e-30 4.90568e-31
0.100948 4.47961e-31 4.98993e-31
0.101141 6.80962e-31 5.08158e-31
0.101335 7.61047e-31 4.90055e-31
0.101528 6.46468e-31 4.90092e-31
0.101721 3.46737e-32 4.93701e-31
0.101914 2.66051e-30 5.15406e-31
0.102107 1.13238e-30 5.13226e-31
0.1023 1.16224e-30 4.94865e-31
0.102493 9.33355e-31 4.94736e-31
0.102686 8.96278e-31 4.93061e-31
0.102879 1.3034e-30 4.96116e-31
0.103072 3.40602e-32 5.03991e-31
0.103265 1.18589e-30 4.91781e-31
0.103458 2.61481e-31 4.94484e-31
0.103651 4.83474e-31 5.05059e-31
0.103844 2.38807e-30 5.12057e-31
0.104037 2.93651e-31 4.93573e-31
0.10423 4.84951e-31 4.90777e-31
0.104423 1.52401e-30 4.9717e-31
0.104616 1.20738e-30 5.15988e-31
0.104809 1.07646e-30 4.92073e-31
0.105002 5.05488e-31 4.81979e-31
0.105195 3.54755e-30 4.97122e-31
0.105388 2.52464e-30 4.96274e-31
0.105581 1.32855e-30 4.82152e-31
0.105774 6.34506e-31 4.77099e-31
0.105967 1.7168e-31 4.81943e-31
0.10616 9.18341e-31 4.78991e-31
0.106353 6.80115e-31 5.08225e-31
0.106546 5.10118e-31 4.82617e-31
0.106739 1.6708e-30 4.6442e-31
0.106932 2.27734e-30 4.63099e-31
0.107125 1.81686e-30 4.83285e-31
0.107318 5.35202e-30 4.70449e-31
0.107511 1.13064e-30 4.64161e-31
0.107704 6.36246e-31 4.61059e-31
0.107897 1.94167e-30 4.61319e-31
0.10809 2.62585e-31 4.70639e-31
0.108283 1.23446e-30 4.72578e-31
0.108476 2.99245e-32 4.58015e-31
0.108669 6.59806e-31 4.61102e-31
0.108862 3.94442e-32 4.59923e-31
0.109055 8.94053e-31 4.53392e-31
0.109248 2.19699e-30 4.61572e-31
0.109441 1.46705e-30 4.65074e-31
0.109634 4.3605e-31 4.66961e-31
0.109827 1.84978e-30 4.66529e-31
0.11002 1.14854e-31 4.70014e-31
0.110213 2.31208e-30 4.59642e-31
0.110406 4.20123e-31 4.53943e-31
0.110599 2.79269e-31 4.53975e-31
0.110792 1.26073e-30 4.59661e-31
0.110985 2.26506e-30 4.75077e-31
0.111178 3.9703e-34 4.75438e-31
0.111371 1.54052e-30 4.67346e-31
0.111564 1.06962e-30 4.58107e-31
0.111757 5.83082e-32 4.59639e-31
0.111951 7.77764e-31 4.61239e-31
0.112144 5.8902e-31 4.64986e-31
0.112337 2.73529e-31 4.61321e-31
0.11253 4.99578e-32 4.59537e-31
0.112723 1.46315e-31 4.66371e-31
0.112916 2.93607e-32 4.6996e-31
0.113109 2.0927e-31 4.58947e-31
0.113302 2.19306e-31 4.58049e-31
0.113495 1.05996e-31 4.60621e-31
0.113688 7.59987e-31 4.58687e-31
0.113881 2.72868e-31 4.61139e-31
0.114074 2.75403e-31 4.6302e-31
0.114267 5.33105e-31 4.70372e-31
0.11446 1.60544e-30 4.62663e-31
0.114653 1.11867e-30 4.61415e-31
0.114846 6.49228e-31 4.76174e-31
0.115039 1.54512e-30 4.79579e-31
0.115232 1.11253e-30 4.69306e-31
0.115425 1.95972e-31 4.69179e-31
0.115618 3.6759e-31 4.63821e-31
0.115811 4.0864e-31 4.66009e-31
0.116004 3.21712e-31 4.78309e-31
0.116197 1.93106e-31 4.86131e-31
0.11639 2.36245e-30 4.85698e-31
0.116583 4.95367e-31 4.69504e-31
0.116776 1.39276e-30 4.69384e-31
0.116969 2.29366e-30 4.8871e-31
0.117162 3.61151e-31 4.93072e-31
0.117355 7.97754e-31 4.76981e-31
0.117548 1.37821e-32 4.70065e-31
0.117741 2.95536e-31 4.83366e-31
0.117934 1.41714e-30 4.94829e-31
0.118127 8.36996e-32 4.84108e-31
0.11832 1.01613e-30 4.78084e-31
0.118513 8.77876e-31 4.7349e-31
0.118706 2.6109e-31 4.87528e-31
0.118899 4.92511e-32 4.84415e-31
0.119092 2.60166e-30 4.78608e-31
0.119285 1.07286e-30 4.84089e-31
0.119478 2.30364e-30 4.87083e-31
0.119671 5.47595e-30 5.03532e-31
0.119864 3.81724e-30 5.01846e-31
0.120057 6.44068e-31 4.8439e-31
0.12025 4.03397e-32 4.84531e-31
0.120443 1.35438e-31 4.87584e-31
0.120636 2.52402e-30 4.93968e-31
0.120829 9.25351e-31 4.96449e-31
0.121022 2.06861e-30 4.94714e-31
0.121215 2.26175e-31 4.95625e-31
0.121408 2.7348e-31 4.90334e-31
0.121601 2.38744e-32 4.83741e-31
0.121794 9.30195e-32 4.86842e-31
0.121987 1.99456e-30 4.84702e-31
0.12218 2.44464e-30 4.90529e-31
0.122373 1.09089e-31 4.81619e-31
0.122566 3.14953e-30 4.86747e-31
0.12276 9.39546e-31 4.91004e-31
0.122953 8.02843e-31 4.95641e-31
0.123146 1.46698e-30 4.8373e-31
0.123339 2.19952e-31 4.80465e-31
0.123532 1.90262e-31 4.78792e-31
0.123725 1.13039e-30 4.92427e-31
0.123918 8.65839e-31 5.02402e-31
0.124111 1.80882e-31 4.69498e-31
0.124304 2.29703e-32 4.59412e-31
0.124497 5.05849e-31 4.73321e-31
0.12469 4.93742e-31 4.75949e-31
0.124883 2.40461e-31 4.60387e-31
0.125076 2.01979e-31 4.51044e-31
0.125269 2.73484e-31 4.4979e-31
0.125462 9.51061e-31 4.71869e-31
0.125655 1.43976e-30 5.054e-31
0.125848 1.53296e-30 4.75071e-31
0.126041 1.46098e-30 4.39562e-31
0.126234 1.26019e-30 4.40362e-31
0.126427 2.09763e-30 4.78393e-31
0.12662 2.9613e-30 4.55059e-31
0.126813 3.60257e-30 4.3151e-31
0.127006 1.66325e-30 4.38165e-31
0.127199 2.74715e-30 4.36205e-31
0.127392 3.69089e-30 4.41582e-31
0.127585 1.03511e-30 4.4111e-31
0.127778 1.57953e-30 4.19857e-31
0.127971 1.28881e-30 4.34374e-31
0.128164 4.74786e-31 4.28348e-31
0.128357 3.22059e-31 4.33996e-31
0.12855 1.77718e-30 4.23409e-31
0.128743 1.278e-30 4.29416e-31
0.128936 3.17698e-30 4.24033e-31
0.129129 1.21219e-30 4.26997e-31
0.129322 1.91642e-32 4.28435e-31
0.129515 4.71955e-30 4.22969e-31
0.129708 2.15005e-30 4.18964e-31
0.129901 6.45586e-31 4.23904e-31
0.130094 1.60274e-30 4.2012e-31
0.130287 1.74836e-30 4.22284e-31
0.13048 2.6647e-30 4.13981e-31
0.130673 2.29208e-30 4.28036e-31
0.130866 1.38181e-30 4.33417e-31
0.131059 2.64324e-31 4.25728e-31
0.131252 1.04558e-30 4.18008e-31
0.131445 1.86862e-30 4.13328e-31
0.131638 8.86776e-31 4.37488e-31
0.131831 1.63004e-30 4.6119e-31
0.132024 5.37908e-31 4.26714e-31
0.132217 1.16548e-30 4.18686e-31
0.13241 1.05309e-30 4.09282e-31
0.132603 1.51412e-30 4.08762e-31
0.132796 5.19631e-31 4.21586e-31
0.132989 1.14653e-30 4.10512e-31
0.133182 3.63236e-30 4.04184e-31
0.133376 1.59971e-30 4.04878e-31
0.133569 8.46692e-31 4.20628e-31
0.133762 2.42319e-30 4.10965e-31
0.133955 5.24248e-31 4.08861e-31
0.134148 1.41997e-30 4.11376e-31
0.134341 4.63248e-31 4.25253e-31
0.134534 3.47841e-31 4.53073e-31
0.134727 1.20674e-30 4.71414e-31
0.13492 3.25997e-30 4.29083e-31
0.135113 1.01747e-30 4.24477e-31
0.135306 3.65243e-32 4.16662e-31
0.135499 1.51781e-31 4.25117e-31
0.135692 8.50777e-32 4.38631e-31
0.135885 1.23218e-30 4.36354e-31
0.136078 7.94459e-31 4.15792e-31
0.136271 2.20417e-31 4.18325e-31
0.136464 2.15007e-30 4.30642e-31
0.136657 1.02397e-30 4.23414e-31
0.13685 3.03293e-30 4.1595e-31
0.137043 1.60679e-30 4.31178e-31
0.137236 1.95043e-30 4.98531e-31
0.137429 2.43099e-30 5.25764e-31
0.137622 2.69625e-30 4.83533e-31
0.137815 2.28393e-30 4.36041e-31
0.138008 3.20387e-30 4.24431e-31
0.138201 1.49434e-30 4.3124e-31
0.138394 2.56653e-30 4.40934e-31
0.138587 4.37895e-31 4.33596e-31
0.13878 1.9821e-31 4.34551e-31
0.138973 7.67536e-32 4.49148e-31
0.139166 7.43829e-32 4.65725e-31
0.139359 9.20258e-31 4.5301e-31
0.139552 9.66384e-31 4.52264e-31
0.139745 1.72036e-30 4.52443e-31
0.139938 7.53229e-31 4.86007e-31
0.140131 1.58033e-31 4.81596e-31
0.140324 7.62443e-32 4.79486e-31
0.140517 4.77048e-30 4.5137e-31
0.14071 2.83003e-30 4.48846e-31
0.140903 1.29671e-30 4.7242e-31
0.141096 4.05595e-30 4.7295e-31
0.141289 2.1072e-30 4.57112e-31
0.141482 7.87761e-32 4.53146e-31
0.141675 2.7827e-31 4.61143e-31
0.141868 6.28143e-31 4.58155e-31
0.142061 1.00654e-30 4.61008e-31
0.142254 1.85089e-30 4.53561e-31
0.142447 1.1183e-30 4.51998e-31
0.14264 1.7278e-30 4.56841e-31
0.142833 2.50757e-30 4.6474e-31
0.143026 3.76577e-30 4.56614e-31
0.143219 2.69263e-31 4.57026e-31
0.143412 1.63156e-30 4.55322e-31
0.143605 4.61953e-31 4.58569e-31
0.143798 1.61664e-30 4.53256e-31
0.143992 1.29931e-30 4.52659e-31
0.144185 7.65508e-31 4.43225e-31
0.144378 1.05435e-31 4.42476e-31
0.144571 6.54334e-31 4.6175e-31
0.144764 1.79658e-31 4.5151e-31
0.144957 5.34354e-31 4.42575e-31
0.14515 7.75968e-31 4.38762e-31
0.145343 9.90651e-31 4.67653e-31
0.145536 5.67936e-31 4.97766e-31
0.145729 6.72335e-31 4.88679e-31
0.145922 1.06337e-30 4.50517e-31
0.146115 4.00253e-31 4.45497e-31
0.146308 1.16134e-30 4.5799e-31
0.146501 4.25089e-31 4.5438e-31
0.146694 4.57483e-31 4.59966e-31
0.146887 2.43021e-30 4.4617e-31
0.14708 3.10777e-30 4.40268e-31
0.147273 1.78298e-31 4.41541e-31
0.147466 3.7163e-31 4.45121e-31
0.147659 1.02391e-30 4.428e-31
0.147852 1.36836e-31 4.42266e-31
0.148045 2.94036e-30 4.42229e-31
0.148238 2.23651e-30 4.50254e-31
0.148431 1.89611e-30 4.52034e-31
0.148624 6.20625e-30 4.59975e-31
0.148817 3.27067e-30 4.71107e-31
0.14901 1.23233e-30 4.75329e-31
0.149203 1.70417e-30 4.73566e-31
0.149396 5.26768e-31 4.77843e-31
0.149589 7.13001e-31 4.54124e-31
0.149782 2.96665e-30 4.49863e-31
0.149975 3.09013e-30 4.44205e-31
0.150168 5.73346e-31 4.4599e-31
0.150361 6.37848e-32 4.46921e-31
0.150554 1.05516e-30 4.50051e-31
0.150747 6.72953e-31 4.537e-31
0.15094 8.34261e-31 4.54633e-31
0.151133 1.86908e-31 4.56341e-31
0.151326 2.34361e-30 4.71508e-31
0.151519 4.99426e-30 4.80861e-31
0.151712 7.85868e-30 4.75782e-31
0.151905 3.64584e-31 4.80935e-31
0.152098 5.34936e-31 4.59567e-31
0.152291 1.42207e-30 4.52981e-31
0.152484 3.30101e-31 4.58006e-31
0.152677 2.71541e-30 4.64092e-31
0.15287 1.61491e-30 4.55112e-31
0.153063 1.56133e-31 4.58199e-31
0.153256 1.50207e-30 4.68433e-31
0.153449 2.05529e-30 4.65008e-31
0.153642 4.20943e-30 4.57868e-31
0.153835 1.98826e-31 4.61052e-31
0.154028 2.55137e-30 4.86358e-31
0.154221 1.96755e-30 5.06458e-31
0.154414 2.36791e-30 4.99027e-31
0.154608 1.14943e-30 4.75358e-31
0.154801 8.43022e-31 4.78315e-31
0.154994 1.0588e-30 4.84345e-31
0.155187 1.34338e-30 5.31169e-31
0.15538 2.39555e-30 4.90426e-31
0.155573 3.81342e-31 4.74871e-31
0.155766 1.73228e-30 4.6665e-31
0.155959 2.38935e-30 4.68502e-31
0.156152 7.80219e-31 4.79877e-31
0.156345 2.37297e-31 4.79098e-31
0.156538 2.25865e-31 4.85233e-31
0.156731 1.70604e-32 4.73598e-31
0.156924 6.57915e-31 4.78271e-31
0.157117 9.55447e-34 4.77225e-31
0.15731 4.50774e-31 4.80962e-31
0.157503 8.29364e-31 4.8951e-31
0.157696 5.05296e-31 4.92269e-31
0.157889 2.91831e-30 4.87328e-31
0.158082 1.38349e-30 4.72959e-31
0.158275 2.13352e-30 4.63018e-31
0.158468 3.3914e-30 4.57691e-31
0.158661 2.70935e-30 4.60966e-31
0.158854 3.06105e-31 4.54329e-31
0.159047 2.15757e-31 4.60843e-31
0.15924 1.38452e-31 4.71608e-31
0.159433 8.78342e-32 4.49791e-31
0.159626 1.44605e-30 4.47548e-31
0.159819 1.14095e-30 4.45176e-31
0.160012 6.82298e-32 4.72785e-31
0.160205 7.31129e-32 4.83942e-31
0.160398 4.78429e-31 4.72418e-31
0.160591 5.13152e-31 4.39775e-31
0.160784 3.43593e-30 4.39855e-31
0.160977 1.88229e-30 4.5584e-31
0.16117 5.5394e-31 4.64775e-31
0.161363 7.70927e-31 4.36979e-31
0.161556 4.34908e-31 4.36281e-31
0.161749 4.4308e-31 4.36949e-31
0.161942 2.97402e-31 4.37667e-31
0.162135 1.98977e-31 4.36363e-31
0.162328 1.24806e-30 4.34121e-31
0.162521 1.35646e-31 4.41921e-31
0.162714 1.87615e-31 4.45509e-31
0.162907 5.49795e-31 4.56239e-31
0.1631 2.45368e-31 4.51396e-31
0.163293 2.14023e-31 4.32539e-31
0.163486 2.21213e-31 4.31698e-31
0.163679 2.39345e-30 4.39645e-31
0.163872 6.07332e-32 4.37299e-31
0.164065 1.59497e-31 4.43315e-31
0.164258 5.73296e-31 4.3069e-31
0.164451 4.57825e-32 4.28241e-31
0.164644 3.45475e-32 4.29759e-31
0.164837 1.19862e-30 4.23142e-31
0.16503 6.86488e-31 4.24705e-31
0.165223 1.08546e-31 4.32926e-31
0.165417 1.50491e-30 4.48393e-31
0.16561 1.2126e-30 4.60713e-31
0.165803 8.67665e-31 4.35803e-31
0.165996 4.6496e-32 4.31633e-31
0.166189 1.47206e-32 4.2701e-31
0.166382 1.55008e-31 4.38315e-31
0.166575 1.73617e-30 4.36116e-31
0.166768 1.79202e-30 4.32104e-31
0.166961 1.37569e-31 4.24564e-31
0.167154 2.68213e-31 4.26316e-31
0.167347 4.95579e-31 4.26284e-31
0.16754 8.87035e-31 4.26322e-31
0.167733 2.57303e-31 4.24907e-31
0.167926 2.09083e-31 4.24253e-31
0.168119 5.70055e-31 4.27065e-31
0.168312 1.50909e-31 4.38708e-31
0.168505 5.5285e-31 4.32603e-31
0.168698 7.10472e-32 4.22084e-31
0.168891 4.1125e-31 4.23566e-31
0.169084 1.03476e-30 4.22009e-31
0.169277 7.45736e-31 4.32649e-31
0.16947 1.51045e-30 4.27148e-31
0.169663 2.94952e-30 4.1999e-31
0.169856 2.40128e-31 4.26487e-31
0.170049 3.83294e-31 4.3638e-31
0.170242 4.33859e-31 4.24402e-31
0.170435 3.58937e-31 4.2494e-31
0.170628 7.25845e-31 4.31152e-31
0.170821 4.68619e-31 4.41675e-31
0.171014 1.81605e-30 4.51599e-31
0.171207 2.36955e-31 4.71303e-31
0.1714 1.18136e-30 4.32244e-31
0.171593 4.00942e-30 4.25887e-31
0.171786 9.75588e-31 4.37023e-31
0.171979 3.44904e-30 4.66351e-31
0.172172 1.99647e-31 4.46532e-31
0.172365 1.81777e-30 4.34844e-31
0.172558 1.2207e-30 4.36185e-31
0.172751 4.44764e-31 4.43698e-31
0.172944 7.04018e-32 4.70645e-31
0.173137 1.81211e-31 4.59472e-31
0.17333 4.04013e-30 4.42414e-31
0.173523 1.54686e-30 4.4928e-31
0.173716 1.40371e-31 4.68499e-31
0.173909 1.7979e-30 4.6464e-31
0.174102 9.98142e-31 4.45879e-31
0.174295 5.97955e-31 4.54443e-31
0.174488 4.04584e-30 4.76676e-31
0.174681 1.88547e-30 4.68628e-31
0.174874 5.21418e-31 4.67252e-31
0.175067 6.97693e-31 4.57069e-31
0.17526 3.65207e-31 4.64595e-31
0.175453 1.93922e-31 4.76695e-31
0.175646 5.25689e-31 4.74911e-31
0.175839 1.06857e-30 4.68606e-31
0.176033 1.08005e-30 4.62932e-31
0.176226 3.13883e-30 4.83282e-31
0.176419 6.00931e-31 5.08649e-31
0.176612 2.35154e-30 4.96375e-31
0.176805 1.3338e-30 4.70517e-31
0.176998 1.10444e-30 4.73813e-31
0.177191 3.9821e-31 5.00585e-31
0.177384 9.95244e-31 5.14355e-31
0.177577 8.24259e-31 4.90195e-31
0.17777 3.10629e-31 4.82945e-31
0.177963 2.90127e-31 4.72208e-31
0.178156 8.42532e-32 4.73557e-31
0.178349 6.03372e-31 4.78143e-31
0.178542 5.52108e-31 4.79835e-31
0.178735 2.61025e-30 4.74535e-31
0.178928 1.26065e-30 4.79364e-31
0.179121 3.37026e-31 5.02035e-31
0.179314 4.83938e-30 4.99413e-31
0.179507 1.74293e-30 4.8372e-31
0.1797 3.84177e-30 4.7343e-31
0.179893 1.06968e-30 4.87932e-31
0.180086 2.52078e-30 4.93113e-31
0.180279 1.37675e-30 5.20102e-31
0.180472 1.29519e-31 4.81971e-31
0.180665 1.73409e-31 4.78544e-31
0.180858 2.97222e-30 4.78875e-31
0.181051 2.01009e-30 4.86223e-31
0.181244 3.82982e-30 4.82739e-31
0.181437 1.96857e-30 4.71666e-31
0.18163 2.37629e-31 4.69374e-31
0.181823 1.92918e-31 4.80359e-31
0.182016 7.37346e-31 4.7027e-31
0.182209 1.60544e-30 4.68245e-31
0.182402 1.86343e-30 4.6372e-31
0.182595 8.72089e-31 4.59398e-31
0.182788 2.67005e-31 4.65679e-31
0.182981 3.30819e-32 4.66816e-31
0.183174 2.25281e-30 4.54321e-31
0.183367 1.4818e-30 4.54727e-31
0.18356 1.49261e-33 4.57585e-31
0.183753 2.68279e-30 4.62345e-31
0.183946 2.73756e-30 4.65785e-31
0.184139 1.24804e-30 4.5557e-31
0.184332 1.53058e-30 4.46407e-31
0.184525 3.28088e-31 4.5356e-31
0.184718 6.20074e-32 4.761e-31
0.184911 6.84723e-31 4.59712e-31
0.185104 1.99907e-32 4.47808e-31
0.185297 1.87515e-30 4.43807e-31
0.18549 3.77611e-31 4.44415e-31
0.185683 1.23012e-30 4.45813e-31
0.185876 8.56391e-31 4.51504e-31
0.186069 3.5285e-31 4.63913e-31
0.186262 2.16714e-32 4.54075e-31
0.186455 3.5572e-31 4.5421e-31
0.186649 8.73348e-32 4.57963e-31
0.186842 5.11898e-31 4.5355e-31
0.187035 1.95479e-30 4.54784e-31
0.187228 2.17372e-30 4.55006e-31
0.187421 4.68509e-31 4.51214e-31
0.187614 1.53236e-32 4.49811e-31
0.187807 1.30012e-30 4.53413e-31
0.188 1.3694e-30 4.55248e-31
0.188193 3.77973e-30 4.5021e-31
0.188386 2.47131e-30 4.52712e-31
0.188579 6.97742e-32 4.55306e-31
0.188772 3.19361e-30 4.73523e-31
0.188965 3.97872e-30 4.54846e-31
0.189158 1.54567e-30 4.49983e-31
0.189351 1.93452e-31 4.51533e-31
0.189544 4.48395e-31 4.52136e-31
0.189737 7.29412e-31 4.66656e-31
0.18993 1.95419e-30 4.55668e-31
0.190123 4.94835e-31 4.57115e-31
0.190316 1.45445e-30 4.61637e-31
0.190509 5.81104e-31 4.58379e-31
0.190702 5.40684e-30 4.67261e-31
0.190895 4.30878e-30 4.56939e-31
0.191088 9.62546e-31 4.53404e-31
0.191281 5.19909e-31 4.52457e-31
0.191474 1.67394e-30 4.58174e-31
0.191667 1.8816e-30 4.54191e-31
0.19186 3.55805e-30 4.49187e-31
0.192053 1.50185e-30 4.48859e-31
0.192246 3.60345e-31 4.50616e-31
0.192439 5.07078e-31 4.50058e-31
0.192632 2.04682e-31 4.50047e-31
0.192825 5.31489e-31 4.61797e-31
0.193018 2.10944e-30 4.73551e-31
0.193211 8.18741e-31 4.85575e-31
0.193404 2.84641e-30 4.66677e-31
0.193597 1.7783e-30 4.59613e-31
0.19379 1.13215e-30 4.55664e-31
0.193983 4.01295e-30 4.5918e-31
0.194176 1.6445e-30 4.68364e-31
0.194369 3.69255e-30 4.59894e-31
0.194562 4.15617e-31 4.65372e-31
0.194755 1.29781e-30 4.71175e-31
0.194948 7.44237e-31 4.81222e-31
0.195141 5.09768e-30 4.66306e-31
0.195334 1.73873e-31 4.71671e-31
0.195527 1.42613e-31 4.81075e-31
0.19572 7.90758e-31 4.77766e-31
0.195913 3.69979e-31 4.81176e-31
0.196106 1.80314e-30 4.85931e-31
0.196299 5.43459e-31 4.87293e-31
0.196492 8.1135e-31 4.82583e-31
0.196685 7.19273e-31 4.7643e-31
0.196878 1.70639e-30 4.74232e-31
0.197071 1.14405e-30 4.7554e-31
0.197265 9.48762e-31 4.82243e-31
0.197458 1.64463e-30 4.88796e-31
0.197651 3.24043e-30 4.88664e-31
0.197844 1.39748e-30 4.88653e-31
0.198037 2.28098e-31 4.8499e-31
0.19823 9.98447e-31 4.8368e-31
0.198423 3.19757e-31 4.82906e-31
0.198616 1.50705e-30 4.82402e-31
0.198809 2.20079e-30 4.85239e-31
0.199002 3.69996e-31 4.92641e-31
0.199195 1.57607e-30 4.96153e-31
0.199388 4.19947e-30 4.96885e-31
0.199581 1.07754e-30 4.88387e-31
0.199774 1.37821e-30 4.98275e-31
0.199967 1.53511e-31 4.83739e-31
0.20016 9.64736e-31 4.85565e-31
0.200353 4.6842e-30 4.82071e-31
0.200546 2.33043e-30 4.84108e-31
0.200739 1.03314e-30 4.88938e-31
0.200932 5.69245e-31 4.89599e-31
0.201125 1.54282e-30 4.86078e-31
0.201318 7.66059e-31 4.88739e-31
0.201511 1.46933e-30 4.83509e-31
0.201704 2.19531e-30 4.84847e-31
0.201897 2.14435e-30 4.8129e-31
0.20209 5.30048e-30 4.77646e-31
0.202283 8.43875e-30 4.72864e-31
0.202476 2.66604e-30 4.81517e-31
0.202669 8.26509e-31 4.7685e-31
0.202862 1.5596e-30 4.75282e-31
0.203055 1.15326e-30 4.72404e-31
0.203248 1.45441e-30 4.78577e-31
0.203441 4.16462e-31 4.70782e-31
0.203634 8.7388e-31 4.71996e-31
0.203827 3.21654e-31 4.82907e-31
0.20402 4.68428e-31 4.7828e-31
0.204213 5.01632e-30 4.89244e-31
0.204406 5.44122e-31 4.76354e-31
0.204599 2.50156e-30 4.87663e-31
0.204792 1.53454e-30 4.83501e-31
0.204985 2.75863e-30 4.81019e-31
0.205178 8.05361e-30 4.87611e-31
0.205371 1.23584e-30 4.8456e-31
0.205564 2.2492e-30 4.73555e-31
0.205757 4.26816e-30 4.75508e-31
0.20595 9.73185e-31 4.96872e-31
0.206143 9.92239e-32 4.77854e-31
0.206336 8.18397e-31 4.75846e-31
0.206529 4.88844e-31 4.82966e-31
0.206722 1.03715e-30 4.88332e-31
0.206915 1.36015e-30 4.84706e-31
0.207108 8.56819e-31 4.84432e-31
0.207301 5.21763e-32 4.91973e-31
0.207494 1.3091e-31 4.76857e-31
0.207687 5.85946e-31 4.75103e-31
0.20788 1.66918e-30 4.7047e-31
0.208074 4.16764e-30 4.5945e-31
0.208267 3.87147e-30 4.6283e-31
0.20846 2.27382e-30 4.59161e-31
0.208653 6.97326e-31 4.6389e-31
0.208846 3.35332e-30 4.66413e-31
0.209039 3.13042e-30 4.92645e-31
0.209232 3.20247e-30 4.80736e-31
0.209425 1.39997e-30 4.64231e-31
0.209618 5.9418e-31 4.90691e-31
0.209811 3.69463e-30 4.78118e-31
0.210004 1.31405e-30 4.84337e-31
0.210197 8.73091e-31 4.79759e-31
0.21039 1.4503e-30 4.55126e-31
0.210583 1.10161e-30 4.71532e-31
0.210776 8.52147e-31 4.61523e-31
0.210969 4.86314e-30 4.58955e-31
0.211162 3.47406e-30 4.66482e-31
0.211355 5.23043e-30 4.58062e-31
0.211548 1.86841e-30 4.6296e-31
0.211741 6.04707e-31 4.72465e-31
0.211934 3.34299e-30 5.06413e-31
0.212127 3.72022e-31 4.82184e-31
0.21232 6.05565e-31 4.63646e-31
0.212513 3.25557e-31 4.73706e-31
0.212706 3.13391e-30 4.81066e-31
0.212899 3.97725e-30 4.67372e-31
0.213092 1.44576e-30 4.80864e-31
0.213285 8.85712e-32 4.67356e-31
0.213478 7.97923e-31 4.6671e-31
0.213671 7.7097e-31 4.65322e-31
0.213864 4.6018e-30 4.72365e-31
0.214057 3.48402e-30 4.6606e-31
0.21425 2.06522e-30 4.61555e-31
0.214443 1.24618e-30 4.93575e-31
0.214636 6.26913e-31 5.09267e-31
0.214829 5.94416e-32 4.70471e-31
0.215022 1.32356e-30 4.8031e-31
0.215215 5.3917e-31 4.65843e-31
0.215408 5.07506e-31 4.80696e-31
0.215601 1.22016e-30 4.92892e-31
0.215794 1.39124e-30 4.70772e-31
0.215987 6.06632e-31 4.80818e-31
0.21618 1.18431e-30 4.66217e-31
0.216373 4.91957e-31 4.82469e-31
0.216566 1.58874e-31 4.81365e-31
0.216759 1.61976e-31 4.74951e-31
0.216952 8.27252e-31 4.58444e-31
0.217145 3.3516e-31 4.51331e-31
0.217338 4.20185e-31 4.70354e-31
0.217531 2.19167e-31 4.75563e-31
0.217724 2.41916e-31 4.5783e-31
0.217917 4.24108e-31 4.49815e-31
0.21811 1.2079e-30 4.52465e-31
0.218303 5.0194e-31 4.72325e-31
0.218496 2.96646e-31 4.63811e-31
0.21869 1.036e-31 4.48173e-31
0.218883 8.62948e-31 4.55077e-31
0.219076 8.36262e-31 4.541e-31
0.219269 2.65795e-31 4.64554e-31
0.219462 3.73987e-32 4.5056e-31
0.219655 4.30716e-31 4.40092e-31
0.219848 3.31664e-31 4.40893e-31
0.220041 1.99198e-30 4.39704e-31
0.220234 2.62188e-31 4.38698e-31
0.220427 1.76996e-31 4.39617e-31
0.22062 3.08932e-31 4.40315e-31
0.220813 9.30591e-32 4.40769e-31
0.221006 9.6883e-31 4.40284e-31
0.221199 2.27941e-30 4.44771e-31
0.221392 1.68763e-31 4.44951e-31
0.221585 3.37246e-31 4.43263e-31
0.221778 1.17765e-30 4.48669e-31
0.221971 2.72837e-31 4.4816e-31
0.222164 2.90217e-31 4.49165e-31
0.222357 5.71664e-31 4.4781e-31
0.22255 2.65304e-30 4.51206e-31
0.222743 2.48016e-31 4.45842e-31
0.222936 1.46737e-30 4.4663e-31
0.223129 1.06847e-30 4.5085e-31
0.223322 5.77936e-32 4.5599e-31
0.223515 2.44575e-30 4.47198e-31
0.223708 2.06695e-31 4.52743e-31
0.223901 7.54851e-31 4.49713e-31
0.224094 2.32118e-30 4.5055e-31
0.224287 2.76852e-31 4.51308e-31
0.22448 1.26367e-30 4.57251e-31
0.224673 5.39402e-31 4.56116e-31
0.224866 5.71067e-32 4.70115e-31
0.225059 8.34196e-32 4.98247e-31
0.225252 1.37023e-30 4.75217e-31
0.225445 1.17951e-31 4.61532e-31
0.225638 1.52461e-31 4.60181e-31
0.225831 1.54817e-30 4.60058e-31
0.226024 5.64289e-31 4.63908e-31
0.226217 9.87683e-31 4.67265e-31
0.22641 6.42126e-32 4.65849e-31
0.226603 1.39782e-30 4.65666e-31
0.226796 9.17836e-31 4.69858e-31
0.226989 1.69548e-31 4.68251e-31
0.227182 4.61802e-31 4.77614e-31
0.227375 4.75399e-31 4.70784e-31
0.227568 1.72315e-30 4.89859e-31
0.227761 5.44272e-31 4.6516e-31
0.227954 8.68079e-31 4.6846e-31
0.228147 1.08999e-30 4.64842e-31
0.22834 4.14092e-31 4.77929e-31
0.228533 1.70554e-30 4.64445e-31
0.228726 2.27665e-31 4.70894e-31
0.228919 1.4228e-30 4.72429e-31
0.229112 8.88513e-32 4.76254e-31
0.229306 3.16905e-31 4.73844e-31
0.229499 1.13639e-30 4.70975e-31
0.229692 1.77015e-31 4.67222e-31
0.229885 2.12519e-30 4.67798e-31
0.230078 6.30281e-31 4.73379e-31
0.230271 9.36128e-31 4.84385e-31
0.230464 6.64466e-31 4.81003e-31
0.230657 1.0911e-30 4.80675e-31
0.23085 7.37134e-31 4.86829e-31
0.231043 8.39571e-31 4.97998e-31
0.231236 1.16899e-30 5.00467e-31
0.231429 1.10115e-30 4.77672e-31
0.231622 1.54823e-30 4.75011e-31
0.231815 2.60217e-30 4.71845e-31
0.232008 5.15267e-31 4.71653e-31
0.232201 1.36538e-30 4.69253e-31
0.232394 8.04602e-31 4.71415e-31
0.232587 2.16735e-30 4.75707e-31
0.23278 1.47824e-30 4.72815e-31
0.232973 3.23682e-31 4.6964e-31
0.233166 2.44253e-30 4.68328e-31
0.233359 1.25955e-30 4.74658e-31
0.233552 8.26968e-31 4.85031e-31
0.233745 1.6577e-31 4.729e-31
0.233938 3.04929e-30 4.64483e-31
0.234131 6.99338e-31 4.67832e-31
0.234324 1.34422e-31 4.70227e-31
0.234517 1.34123e-30 4.74049e-31
0.23471 1.06789e-30 4.70548e-31
0.234903 6.72322e-31 4.64308e-31
0.235096 7.81894e-31 4.73371e-31
0.235289 2.19667e-30 4.74408e-31
0.235482 1.42541e-30 4.6935e-31
0.235675 2.2355e-31 4.70226e-31
0.235868 1.47407e-30 4.66829e-31
0.236061 2.4859e-30 4.72546e-31
0.236254 3.81877e-30 4.63961e-31
0.236447 2.36042e-31 4.57656e-31
0.23664 6.54283e-31 4.57459e-31
0.236833 2.09857e-31 4.5756e-31
0.237026 1.48269e-30 4.57606e-31
0.237219 1.09136e-31 4.60194e-31
0.237412 3.76825e-31 4.60193e-31
0.237605 8.73089e-31 4.64589e-31
0.237798 1.3277e-30 4.60517e-31
0.237991 8.4695e-31 4.61212e-31
0.238184 4.50678e-31 4.64248e-31
0.238377 4.79396e-31 4.70279e-31
0.23857 9.70061e-31 4.75e-31
0.238763 2.1295e-30 4.77752e-31
0.238956 7.95883e-31 4.79635e-31
0.239149 2.92306e-30 4.64245e-31
0.239342 2.20765e-30 4.61486e-31
0.239535 7.30884e-31 4.69162e-31
0.239728 1.58401e-30 4.66816e-31
0.239922 2.0118e-31 4.86709e-31
0.240115 3.58244e-31 4.83335e-31
0.240308 1.6766e-30 4.69572e-31
0.240501 8.80072e-31 4.68562e-31
0.240694 1.61814e-30 4.65915e-31
0.240887 3.54279e-30 4.62197e-31
0.24108 1.96176e-30 4.61793e-31
0.241273 6.93108e-30 4.75947e-31
0.241466 1.7817e-30 4.77614e-31
0.241659 1.15323e-30 4.62699e-31
0.241852 1.53893e-30 4.63829e-31
0.242045 5.82175e-31 4.63521e-31
0.242238 1.34302e-30 4.79233e-31
0.242431 2.26405e-30 4.76925e-31
0.242624 6.62019e-31 4.72364e-31
0.242817 7.86748e-31 4.72527e-31
0.24301 1.93817e-30 4.65022e-31
0.243203 2.61228e-30 4.64169e-31
0.243396 6.76908e-31 4.63236e-31
0.243589 3.80614e-30 4.65742e-31
0.243782 4.64613e-30 4.76866e-31
0.243975 2.12539e-30 4.84804e-31
0.244168 1.54731e-30 4.79227e-31
0.244361 3.1467e-30 4.73305e-31
0.244554 1.87313e-32 4.57525e-31
0.244747 8.17954e-31 4.55952e-31
0.24494 1.96233e-30 4.60698e-31
0.245133 5.70281e-31 4.56267e-31
0.245326 1.5049e-31 4.56985e-31
0.245519 6.7569e-32 4.50499e-31
0.245712 6.02548e-31 4.46888e-31
0.245905 2.59663e-31 4.44773e-31
0.246098 4.32479e-31 4.41819e-31
0.246291 5.71978e-31 4.44403e-31
0.246484 1.47511e-30 4.53061e-31
0.246677 1.53127e-30 4.75021e-31
0.24687 9.5403e-32 4.80603e-31
0.247063 5.69327e-31 4.48763e-31
0.247256 4.21812e-31 4.59728e-31
0.247449 2.82992e-31 4.41652e-31
0.247642 1.2591e-30 4.44566e-31
0.247835 9.15305e-31 4.42427e-31
0.248028 2.72968e-32 4.54634e-31
0.248221 1.872e-30 4.51693e-31
0.248414 2.25714e-30 4.33104e-31
0.248607 1.7345e-30 4.32209e-31
0.2488 5.73187e-31 4.30459e-31
0.248993 5.1574e-31 4.36192e-31
0.249186 9.71475e-31 4.6034e-31
0.249379 1.47541e-30 4.46872e-31
0.249572 2.52031e-30 4.45709e-31
0.249765 9.76154e-31 4.34468e-31
0.249958 1.72556e-30 4.24947e-31
0.250151 1.94765e-30 4.21055e-31
0.250344 8.40597e-32 4.22128e-31
0.250537 3.98665e-32 4.30677e-31
0.250731 3.04146e-30 4.42486e-31
0.250924 6.50741e-31 4.41405e-31
0.251117 3.26418e-31 4.23371e-31
0.25131 1.64714e-30 4.17842e-31
0.251503 1.79253e-31 4.18045e-31
0.251696 7.02196e-31 4.17266e-31
0.251889 1.25797e-31 4.29627e-31
0.252082 2.68223e-30 4.36245e-31
0.252275 2.90968e-31 4.34608e-31
0.252468 9.27114e-31 4.21503e-31
0.252661 2.24117e-30 4.30253e-31
0.252854 1.9967e-30 4.18335e-31
0.253047 2.81225e-30 4.06529e-31
0.25324 2.62119e-30 4.11362e-31
0.253433 2.49719e-30 4.20821e-31
0.253626 3.76639e-30 4.13216e-31
0.253819 3.77372e-31 4.07901e-31
0.254012 6.53981e-31 4.14522e-31
0.254205 7.69605e-31 4.19518e-31
0.254398 1.16421e-30 4.50454e-31
0.254591 1.65686e-30 4.37749e-31
0.254784 5.51061e-30 4.22498e-31
0.254977 1.00404e-30 4.20897e-31
0.25517 1.04582e-30 4.15414e-31
0.255363 2.24795e-30 4.25585e-31
0.255556 2.83256e-30 4.10413e-31
0.255749 2.01817e-30 4.11234e-31
0.255942 1.04255e-30 4.09625e-31
0.256135 2.20646e-30 4.14761e-31
0.256328 2.68999e-30 4.17407e-31
0.256521 1.70253e-30 4.12608e-31
0.256714 6.46112e-32 4.15167e-31
0.256907 2.40547e-31 4.26992e-31
0.2571 6.81437e-31 4.3422e-31
0.257293 5.86504e-31 4.33497e-31
0.257486 1.49686e-31 4.2756e-31
0.257679 1.01099e-30 4.26854e-31
0.257872 4.39017e-31 4.21264e-31
0.258065 1.91054e-30 4.21704e-31
0.258258 1.37712e-30 4.23175e-31
0.258451 3.67892e-30 4.30684e-31
0.258644 3.46161e-30 4.46005e-31
0.258837 1.03487e-30 4.57384e-31
0.25903 1.3302e-30 4.66553e-31
0.259223 1.79136e-30 4.32286e-31
0.259416 1.54169e-30 4.35166e-31
0.259609 9.25388e-32 4.41215e-31
0.259802 6.01989e-31 4.40244e-31
0.259995 1.74954e-31 4.41916e-31
0.260188 4.22176e-32 4.47923e-31
0.260381 8.31799e-31 4.44795e-31
0.260574 2.11321e-30 4.45553e-31
0.260767 2.37131e-30 4.45495e-31
0.26096 1.91627e-31 4.49105e-31
0.261153 4.55222e-30 4.55076e-31
0.261347 5.24648e-31 4.62767e-31
0.26154 1.27886e-30 4.61123e-31
0.261733 3.66022e-30 4.5238e-31
0.261926 4.66416e-31 4.52934e-31
0.262119 5.85245e-30 4.5785e-31
0.262312 3.4603e-30 4.56101e-31
0.262505 3.18724e-31 4.57199e-31
0.262698 6.29124e-33 4.60114e-31
0.262891 2.89796e-31 4.66164e-31
0.263084 2.29176e-31 4.79961e-31
0.263277 9.9117e-31 4.94431e-31
0.26347 3.25294e-30 4.72152e-31
0.263663 3.02945e-30 4.75469e-31
0.263856 1.7066e-31 4.66008e-31
0.264049 3.39266e-31 4.64406e-31
0.264242 4.83167e-31 4.62023e-31
0.264435 1.65882e-30 4.62074e-31
0.264628 9.77446e-31 4.62353e-31
0.264821 1.2719e-30 4.6511e-31
0.265014 3.9425e-30 4.64643e-31
0.265207 1.93735e-30 4.62474e-31
0.2654 1.69131e-30 4.62555e-31
0.265593 6.19824e-32 4.70594e-31
0.265786 8.63959e-32 4.84349e-31
0.265979 3.41437e-31 4.76706e-31
0.266172 3.76825e-30 4.98381e-31
0.266365 4.42159e-30 4.72598e-31
0.266558 2.09169e-30 4.65978e-31
0.266751 8.22936e-31 4.67575e-31
0.266944 3.1592e-30 4.73958e-31
0.267137 1.58022e-31 4.73838e-31
0.26733 4.44062e-31 4.68336e-31
0.267523 3.37768e-31 4.68392e-31
0.267716 6.49969e-31 4.74745e-31
0.267909 7.97739e-31 4.79122e-31
0.268102 2.09193e-30 4.72341e-31
0.268295 5.51343e-31 4.70748e-31
0.268488 1.80229e-33 4.70404e-31
0.268681 2.13176e-33 4.86485e-31
0.268874 1.61759e-30 4.78252e-31
0.269067 6.8057e-31 4.74272e-31
0.26926 2.2243e-30 4.76835e-31
0.269453 2.34101e-30 4.77382e-31
0.269646 1.41475e-30 4.80853e-31
0.269839 1.94982e-30 4.83184e-31
0.270032 1.58566e-30 5.11339e-31
0.270225 3.76158e-31 4.92881e-31
0.270418 2.02705e-31 4.92086e-31
0.270611 1.43667e-30 4.96551e-31
0.270804 1.99326e-30 5.13177e-31
0.270997 1.01318e-30 5.09588e-31
0.27119 6.90645e-31 5.05866e-31
0.271383 1.69179e-31 5.01752e-31
0.271576 1.95897e-30 5.03224e-31
0.271769 1.28697e-31 5.05839e-31
0.271963 3.97641e-31 5.1261e-31
0.272156 1.90018e-30 5.08487e-31
0.272349 2.21133e-30 5.15653e-31
0.272542 3.94437e-30 5.12079e-31
0.272735 1.05274e-30 5.12129e-31
0.272928 2.64533e-30 5.11826e-31
0.273121 4.1061e-30 5.17786e-31
0.273314 2.51618e-30 5.13483e-31
0.273507 9.91259e-31 5.12771e-31
0.2737 1.50138e-30 5.15511e-31
0.273893 9.47732e-31 5.22054e-31
0.274086 1.19347e-32 5.12622e-31
0.274279 1.09001e-30 5.22628e-31
0.274472 1.62041e-31 5.16029e-31
0.274665 2.36674e-30 5.14288e-31
0.274858 1.80849e-31 5.34037e-31
0.275051 1.46159e-31 5.1613e-31
0.275244 5.02322e-31 5.17737e-31
0.275437 2.50308e-30 5.15312e-31
0.27563 2.03985e-30 5.18055e-31
0.275823 4.66704e-31 5.1439e-31
0.276016 4.56909e-31 5.18201e-31
0.276209 2.72919e-31 5.20926e-31
0.276402 1.11181e-30 5.21822e-31
0.276595 4.63237e-31 5.11687e-31
0.276788 2.01472e-31 5.1323e-31
0.276981 1.47142e-30 5.11772e-31
0.277174 1.50645e-30 5.09518e-31
0.277367 1.74777e-30 5.14368e-31
0.27756 2.23362e-30 5.19786e-31
0.277753 1.59758e-31 5.09431e-31
0.277946 4.19114e-31 5.10899e-31
0.278139 2.20153e-31 5.09002e-31
0.278332 5.85693e-32 5.10889e-31
0.278525 1.87287e-30 5.17246e-31
0.278718 7.53685e-31 5.16554e-31
0.278911 6.3029e-31 5.09735e-31
0.279104 4.98172e-31 5.08568e-31
0.279297 9.45298e-31 5.07868e-31
0.27949 4.28785e-31 5.10509e-31
0.279683 1.84162e-30 5.07915e-31
0.279876 5.60806e-31 5.14565e-31
0.280069 9.49388e-31 5.08744e-31
0.280262 1.4925e-30 5.08825e-31
0.280455 7.53414e-31 5.16643e-31
0.280648 2.98271e-31 5.13277e-31
0.280841 6.59833e-31 5.17263e-31
0.281034 6.5504e-31 5.1578e-31
0.281227 7.56444e-31 5.13121e-31
0.28142 2.80554e-32 5.1117e-31
0.281613 8.06517e-31 5.2517e-31
0.281806 7.69898e-31 5.12271e-31
0.281999 5.63622e-32 5.13871e-31
0.282192 1.80767e-30 5.17631e-31
0.282385 8.64686e-32 5.10588e-31
0.282579 6.74057e-32 5.17416e-31
0.282772 4.60961e-31 5.08469e-31
0.282965 9.13726e-31 5.0849e-31
0.283158 6.2039e-31 5.00359e-31
0.283351 1.95335e-30 4.95155e-31
0.283544 9.65499e-31 5.01631e-31
0.283737 3.09921e-31 4.87642e-31
0.28393 3.79627e-31 4.85766e-31
0.284123 1.36182e-30 4.82014e-31
0.284316 5.61618e-31 4.79957e-31
0.284509 2.88693e-31 4.70961e-31
0.284702 1.80729e-30 4.6654e-31
0.284895 4.42526e-31 4.76677e-31
0.285088 1.79727e-30 4.65661e-31
0.285281 4.39723e-31 4.97682e-31
0.285474 5.27836e-31 5.00398e-31
0.285667 4.74672e-30 4.72617e-31
0.28586 2.51919e-30 4.71148e-31
0.286053 1.81495e-30 4.75004e-31
0.286246 6.12866e-33 5.03678e-31
0.286439 1.80898e-31 4.7233e-31
0.286632 2.43586e-30 4.49365e-31
0.286825 1.04577e-30 4.56279e-31
0.287018 1.09372e-30 4.60093e-31
0.287211 1.00587e-30 4.7024e-31
0.287404 1.24161e-30 4.51921e-31
0.287597 1.41528e-30 4.59815e-31
0.28779 5.84719e-31 4.51431e-31
0.287983 4.28974e-31 4.73517e-31
0.288176 4.48418e-32 4.77914e-31
0.288369 3.5433e-31 4.64087e-31
0.288562 1.30722e-30 4.44347e-31
0.288755 1.15925e-30 4.47991e-31
0.288948 5.46327e-31 4.51759e-31
0.289141 1.57243e-30 4.51103e-31
0.289334 5.71674e-31 4.51241e-31
0.289527 8.93259e-31 4.57037e-31
0.28972 1.92379e-30 4.60578e-31
0.289913 7.77219e-31 4.75803e-31
0.290106 1.55076e-31 4.71547e-31
0.290299 2.16695e-31 4.77812e-31
0.290492 2.20875e-31 4.64311e-31
0.290685 1.00483e-30 4.76808e-31
0.290878 1.22088e-30 4.65248e-31
0.291071 2.51468e-31 4.63081e-31
0.291264 1.2639e-30 4.57606e-31
0.291457 6.36915e-32 4.66343e-31
0.29165 7.00061e-32 4.66066e-31
0.291843 3.43596e-31 4.64523e-31
0.292036 2.10387e-30 4.62139e-31
0.292229 2.40737e-31 4.68974e-31
0.292422 2.09736e-30 4.85817e-31
0.292615 3.16656e-30 4.74472e-31
0.292808 1.34861e-30 4.69623e-31
0.293001 7.13776e-31 4.67929e-31
0.293195 3.82789e-31 4.65911e-31
0.293388 1.68863e-31 4.75857e-31
0.293581 2.01315e-31 4.71877e-31
0.293774 5.55053e-32 4.6529e-31
0.293967 1.21373e-30 4.75941e-31
0.29416 7.51802e-31 4.77048e-31
0.294353 4.78021e-31 4.98096e-31
0.294546 1.36578e-30 4.66388e-31
0.294739 3.47611e-30 4.62197e-31
0.294932 2.98943e-31 4.60752e-31
0.295125 1.05834e-31 4.64604e-31
0.295318 1.42712e-30 4.64175e-31
0.295511 2.60683e-30 4.54885e-31
0.295704 2.29625e-30 4.64985e-31
0.295897 1.98795e-30 4.61333e-31
0.29609 2.27627e-30 4.71011e-31
0.296283 1.05849e-30 4.716e-31
0.296476 2.80328e-30 4.5356e-31
0.296669 2.08314e-30 4.68243e-31
0.296862 7.84534e-31 4.66599e-31
0.297055 3.72965e-31 4.53757e-31
0.297248 2.14052e-30 4.59274e-31
0.297441 5.23294e-31 4.54694e-31
0.297634 8.01022e-31 4.52113e-31
0.297827 1.0678e-30 4.52879e-31
0.29802 1.55793e-31 4.55951e-31
0.298213 3.02001e-31 4.56531e-31
0.298406 1.56891e-31 4.57383e-31
0.298599 2.08409e-32 4.6185e-31
0.298792 7.86609e-31 4.57075e-31
0.298985 3.5298e-30 4.59065e-31
0.299178 1.63539e-30 4.58478e-31
0.299371 3.64445e-31 4.59922e-31
0.299564 9.99359e-31 4.59167e-31
0.299757 8.32754e-31 4.72409e-31
0.29995 1.36907e-30 4.59849e-31
0.300143 4.90028e-30 4.6524e-31
0.300336 6.8291e-31 4.63616e-31
0.300529 6.39112e-30 4.65363e-31
0.300722 3.56288e-30 4.68434e-31
0.300915 3.44442e-30 4.6607e-31
0.301108 5.13312e-32 4.66244e-31
0.301301 4.5289e-31 4.69404e-31
0.301494 1.04428e-30 4.76569e-31
0.301687 8.64813e-31 4.69693e-31
0.30188 6.49597e-31 4.75201e-31
0.302073 2.48258e-30 4.7569e-31
0.302266 6.46874e-31 4.7419e-31
0.302459 1.50115e-30 4.72546e-31
0.302652 3.04655e-30 4.72822e-31
0.302845 2.59018e-31 4.76045e-31
0.303038 2.28106e-30 4.75423e-31
0.303231 3.14945e-30 4.76175e-31
0.303424 1.01146e-30 4.84689e-31
0.303617 3.59384e-30 4.7761e-31
0.30381 1.29403e-30 4.79615e-31
0.304004 1.51525e-31 4.9129e-31
0.304197 3.27231e-30 4.82021e-31
0.30439 8.76037e-32 4.85166e-31
0.304583 2.83488e-31 4.90276e-31
0.304776 6.71641e-31 4.937e-31
0.304969 5.44728e-30 4.96383e-31
0.305162 1.30863e-30 5.01321e-31
0.305355 4.79133e-30 5.05935e-31
0.305548 5.85555e-30 4.97283e-31
0.305741 3.6216e-31 5.08929e-31
0.305934 2.31147e-30 5.06533e-31
0.306127 1.40527e-30 5.03679e-31
0.30632 7.33199e-31 5.09233e-31
0.306513 4.89199e-30 5.08067e-31
0.306706 1.7414e-30 5.10474e-31
0.306899 8.52034e-32 5.30607e-31
0.307092 1.95183e-30 5.39644e-31
0.307285 5.84782e-31 5.31033e-31
0.307478 3.24429e-31 5.21266e-31
0.307671 3.86548e-30 5.19968e-31
0.307864 1.63838e-30 5.25156e-31
0.308057 4.32088e-31 5.33349e-31
0.30825 8.65822e-31 5.32861e-31
0.308443 1.88999e-30 5.34291e-31
0.308636 3.11887e-32 5.34933e-31
0.308829 1.07518e-30 5.36466e-31
0.309022 3.44576e-31 5.32551e-31
0.309215 9.98875e-31 5.3613e-31
0.309408 4.26176e-31 5.33647e-31
0.309601 3.39893e-30 5.41055e-31
0.309794 1.81291e-31 5.37729e-31
0.309987 6.99976e-31 5.4589e-31
0.31018 6.06424e-31 5.36982e-31
0.310373 5.83524e-31 5.39717e-31
0.310566 4.35285e-30 5.49031e-31
0.310759 1.81782e-30 5.40387e-31
0.310952 3.74233e-30 5.35592e-31
0.311145 5.54823e-30 5.37297e-31
0.311338 2.49651e-30 5.37255e-31
0.311531 1.32378e-30 5.4145e-31
0.311724 1.1151e-30 5.44023e-31
0.311917 8.55831e-31 5.40433e-31
0.31211 6.60356e-31 5.42257e-31
0.312303 2.60856e-30 5.41803e-31
0.312496 2.79902e-30 5.33955e-31
0.312689 1.69214e-30 5.34137e-31
0.312882 1.7478e-30 5.36861e-31
0.313075 1.30933e-30 5.26998e-31
0.313268 4.73685e-31 5.27698e-31
0.313461 1.34206e-31 5.40861e-31
0.313654 1.08446e-30 5.2753e-31
0.313847 7.04842e-31 5.19685e-31
0.31404 1.65212e-30 5.16409e-31
0.314233 2.26099e-30 5.08303e-31
0.314426 5.95994e-31 5.06825e-31
0.31462 2.23819e-30 5.08344e-31
0.314813 3.71707e-30 5.10242e-31
0.315006 1.15015e-30 5.08159e-31
0.315199 4.02091e-31 4.9765e-31
0.315392 1.55325e-30 5.0399e-31
0.315585 3.63906e-30 4.83652e-31
0.315778 2.70546e-30 4.80783e-31
0.315971 4.54727e-30 4.74339e-31
0.316164 2.1141e-31 4.7356e-31
0.316357 9.31671e-31 4.67247e-31
0.31655 1.72321e-30 4.71176e-31
0.316743 1.89071e-30 4.61359e-31
0.316936 4.37113e-30 4.52632e-31
0.317129 3.0387e-30 4.49734e-31
0.317322 2.04959e-30 4.49151e-31
0.317515 5.52008e-30 4.48025e-31
0.317708 1.51463e-30 4.38375e-31
0.317901 1.30847e-30 4.36429e-31
0.318094 2.81208e-31 4.34633e-31
0.318287 5.58867e-31 4.30356e-31
0.31848 1.69858e-30 4.30429e-31
0.318673 1.31671e-30 4.28252e-31
0.318866 1.04018e-30 4.30504e-31
0.319059 2.16124e-31 4.22231e-31
0.319252 2.25081e-31 4.24185e-31
0.319445 1.15066e-30 4.14975e-31
0.319638 4.47326e-32 4.12762e-31
0.319831 1.23401e-30 4.0887e-31
0.320024 1.33371e-30 4.1413e-31
0.320217 5.00115e-31 4.22694e-31
0.32041 8.51098e-31 4.16247e-31
0.320603 5.3067e-31 4.08358e-31
0.320796 4.54018e-31 4.21372e-31
0.320989 3.32427e-30 4.21193e-31
0.321182 1.17654e-31 4.25946e-31
0.321375 4.54674e-31 4.14395e-31
0.321568 1.76255e-30 4.08715e-31
0.321761 7.60539e-31 3.99783e-31
0.321954 1.55906e-30 4.01187e-31
0.322147 9.80494e-31 4.01326e-31
0.32234 1.6161e-30 3.9826e-31
0.322533 1.6247e-31 4.0091e-31
0.322726 1.92871e-31 3.9963e-31
0.322919 1.92088e-30 4.18209e-31
0.323112 6.87368e-31 4.07202e-31
0.323305 7.07787e-31 4.08336e-31
0.323498 1.26314e-30 3.99137e-31
0.323691 1.28742e-30 4.10015e-31
0.323884 3.69745e-31 4.12657e-31
0.324077 9.79922e-33 4.21436e-31
0.32427 4.4347e-30 4.16078e-31
0.324463 6.82966e-31 4.0781e-31
0.324656 6.69965e-31 4.08829e-31
0.324849 2.26e-31 4.13376e-31
0.325042 8.81768e-31 4.25056e-31
0.325236 6.08992e-32 4.30033e-31
0.325429 1.51712e-31 4.20663e-31
0.325622 1.37039e-30 4.31885e-31
0.325815 6.59202e-31 4.31951e-31
0.326008 3.14552e-31 4.28377e-31
0.326201 1.33897e-30 4.35094e-31
0.326394 2.42742e-30 4.30638e-31
0.326587 5.60034e-31 4.50024e-31
0.32678 1.19928e-31 4.48924e-31
0.326973 3.40871e-31 4.65216e-31
0.327166 7.40499e-31 4.59821e-31
0.327359 1.1926e-30 4.42846e-31
0.327552 2.73761e-31 4.73359e-31
0.327745 3.17659e-31 4.64057e-31
0.327938 1.89609e-30 4.72673e-31
0.328131 3.11852e-30 4.61466e-31
0.328324 1.14443e-30 4.59277e-31
0.328517 1.27065e-30 4.66323e-31
0.32871 1.4161e-30 4.63475e-31
0.328903 1.03487e-31 4.59216e-31
0.329096 2.59725e-30 4.56024e-31
0.329289 9.10711e-31 4.86648e-31
0.329482 1.10159e-30 4.9772e-31
0.329675 3.94651e-31 4.97742e-31
0.329868 1.44076e-30 4.58599e-31
0.330061 1.04127e-30 4.55858e-31
0.330254 1.38827e-31 4.59429e-31
0.330447 1.53475e-30 4.67532e-31
0.33064 1.10081e-30 4.54457e-31
0.330833 1.42555e-30 4.56385e-31
0.331026 1.54056e-30 4.55586e-31
0.331219 4.48667e-32 4.57728e-31
0.331412 1.08096e-31 4.66482e-31
0.331605 1.76543e-31 4.57085e-31
0.331798 5.17808e-32 4.62093e-31
0.331991 9.13749e-31 4.67375e-31
0.332184 3.77841e-30 4.6096e-31
0.332377 2.24953e-30 4.58808e-31
0.33257 1.61612e-31 4.45084e-31
0.332763 2.82911e-31 4.41111e-31
0.332956 6.16519e-31 4.42058e-31
0.333149 8.21249e-32 4.3826e-31
0.333342 6.49375e-31 4.43611e-31
0.333535 9.63693e-31 4.34679e-31
0.333728 4.90418e-31 4.38401e-31
0.333921 1.48016e-30 4.33613e-31
0.334114 2.87189e-30 4.30378e-31
0.334307 7.5029e-31 4.36716e-31
0.3345 6.75093e-31 4.32441e-31
0.334693 7.98703e-31 4.57701e-31
0.334886 9.87933e-31 4.31988e-31
0.335079 1.44431e-30 4.31885e-31
0.335272 3.77983e-31 4.29504e-31
0.335465 2.3259e-31 4.27024e-31
0.335658 1.61871e-30 4.32313e-31
0.335852 4.1401e-31 4.46931e-31
0.336045 1.19222e-31 4.29824e-31
0.336238 2.25033e-30 4.2658e-31
0.336431 1.90223e-32 4.24041e-31
0.336624 7.20527e-33 4.20808e-31
0.336817 1.44226e-30 4.22816e-31
0.33701 1.73714e-31 4.30046e-31
0.337203 1.8366e-30 4.24428e-31
0.337396 7.22955e-32 4.26057e-31
0.337589 3.63327e-32 4.27358e-31
0.337782 1.59368e-30 4.36359e-31
0.337975 2.34256e-31 4.29841e-31
0.338168 1.0891e-30 4.33038e-31
0.338361 3.70641e-31 4.33232e-31
0.338554 9.44067e-31 4.32495e-31
0.338747 7.97231e-31 4.34869e-31
0.33894 5.02114e-32 4.35748e-31
0.339133 2.2739e-30 4.37469e-31
0.339326 5.33228e-31 4.43911e-31
0.339519 3.44235e-31 4.40815e-31
0.339712 9.17389e-31 4.41373e-31
0.339905 4.47125e-31 4.43494e-31
0.340098 1.09381e-31 4.43968e-31
0.340291 4.68376e-31 4.464e-31
0.340484 5.73526e-32 4.56879e-31
0.340677 5.32896e-31 4.51543e-31
0.34087 8.67154e-31 4.4996e-31
0.341063 3.11599e-31 4.59429e-31
0.341256 5.32522e-31 4.66598e-31
0.341449 7.17431e-31 4.61868e-31
0.341642 2.33959e-31 4.54283e-31
0.341835 5.68123e-31 4.64841e-31
0.342028 5.60997e-31 4.56682e-31
0.342221 1.11328e-30 4.59704e-31
0.342414 1.76449e-30 4.62622e-31
0.342607 5.27621e-31 4.60604e-31
0.3428 1.21063e-30 4.55006e-31
0.342993 3.32256e-32 4.60162e-31
0.343186 4.83207e-30 4.90193e-31
0.343379 1.53498e-30 4.83274e-31
0.343572 1.34233e-31 4.66915e-31
0.343765 2.12348e-31 4.64409e-31
0.343958 7.7066e-31 4.63617e-31
0.344151 3.22409e-31 4.79611e-31
0.344344 3.31489e-31 4.70758e-31
0.344537 6.16604e-31 4.61307e-31
0.34473 9.71779e-31 4.61827e-31
0.344923 2.38355e-30 4.62334e-31
0.345116 2.76909e-30 4.62314e-31
0.345309 9.81955e-31 4.67012e-31
0.345502 5.32759e-32 4.57377e-31
0.345695 2.68763e-31 4.61133e-31
0.345888 1.67191e-31 4.80421e-31
0.346081 1.00423e-31 4.9178e-31
0.346274 1.37235e-30 4.89961e-31
0.346467 2.64348e-30 4.56393e-31
0.346661 2.67379e-32 4.51655e-31
0.346854 9.85723e-31 4.63985e-31
0.347047 2.01574e-30 4.65858e-31
0.34724 2.18059e-31 4.59054e-31
0.347433 9.90472e-32 4.56081e-31
0.347626 1.88428e-32 4.45994e-31
0.347819 1.94508e-30 4.39362e-31
0.348012 1.62375e-30 4.37035e-31
0.348205 9.70852e-31 4.37456e-31
0.348398 3.96694e-31 4.32929e-31
0.348591 2.16242e-31 4.34113e-31
0.348784 6.97517e-31 4.41774e-31
0.348977 5.85902e-31 4.43004e-31
0.34917 3.01106e-31 4.31385e-31
0.349363 1.55609e-33 4.26788e-31
0.349556 2.11261e-31 4.23462e-31
0.349749 1.01232e-30 4.23993e-31
0.349942 8.38423e-31 4.30493e-31
0.350135 4.693e-32 4.2567e-31
0.350328 2.19484e-31 4.19915e-31
0.350521 7.99765e-31 4.16652e-31
0.350714 9.77202e-31 4.26071e-31
0.350907 2.95069e-30 4.15733e-31
0.3511 1.56298e-31 4.14366e-31
0.351293 2.23235e-30 4.17973e-31
0.351486 5.0784e-31 4.25664e-31
0.351679 8.98209e-32 4.20803e-31
0.351872 2.28358e-31 4.38033e-31
0.352065 2.78681e-30 4.21983e-31
0.352258 1.62166e-31 4.13637e-31
0.352451 2.68923e-31 4.06948e-31
0.352644 1.10091e-30 4.09169e-31
0.352837 3.59318e-32 4.08801e-31
0.35303 1.25023e-30 4.08559e-31
0.353223 1.98553e-30 4.01952e-31
0.353416 8.6343e-31 4.01394e-31
0.353609 1.57129e-31 4.00243e-31
0.353802 5.63759e-31 4.01175e-31
0.353995 7.80156e-31 4.13313e-31
0.354188 2.40145e-31 3.97397e-31
0.354381 3.04274e-31 3.9604e-31
0.354574 1.10016e-30 3.97911e-31
0.354767 1.14717e-30 4.02536e-31
0.35496 7.54167e-32 4.09728e-31
0.355153 2.22039e-31 3.97697e-31
0.355346 1.13449e-30 3.97085e-31
0.355539 6.29823e-31 4.00369e-31
0.355732 1.37617e-30 4.18432e-31
0.355925 4.07103e-30 4.19907e-31
0.356118 3.30754e-30 4.11482e-31
0.356311 1.40172e-31 4.07173e-31
0.356504 2.55772e-30 3.97722e-31
0.356697 2.55634e-30 3.99558e-31
0.35689 1.00413e-30 4.1552e-31
0.357083 2.49087e-30 3.97568e-31
0.357277 1.72803e-30 4.02156e-31
0.35747 9.97045e-31 4.06191e-31
0.357663 1.9915e-30 4.03632e-31
0.357856 6.05437e-31 4.03946e-31
0.358049 6.59283e-32 4.00353e-31
0.358242 1.3978e-30 4.02136e-31
0.358435 2.59779e-31 4.07234e-31
0.358628 8.31729e-31 4.18964e-31
0.358821 2.24583e-31 4.1549e-31
0.359014 1.06675e-30 4.05844e-31
0.359207 4.57331e-31 4.0175e-31
0.3594 1.99815e-30 4.06453e-31
0.359593 2.8266e-31 4.02935e-31
0.359786 6.17652e-31 4.01764e-31
0.359979 1.75196e-30 3.99513e-31
0.360172 4.36352e-30 4.08599e-31
0.360365 2.79499e-30 4.14058e-31
0.360558 8.60743e-31 3.98472e-31
0.360751 1.23159e-30 3.99693e-31
0.360944 4.57643e-32 3.99216e-31
0.361137 1.12618e-30 4.15645e-31
0.36133 3.72538e-30 4.20234e-31
0.361523 7.83024e-31 4.05922e-31
0.361716 2.04619e-30 4.00277e-31
0.361909 4.21812e-30 4.01556e-31
0.362102 6.42765e-31 4.11477e-31
0.362295 1.25318e-31 4.1047e-31
0.362488 6.77766e-32 4.03151e-31
0.362681 2.25211e-31 4.04229e-31
0.362874 1.33983e-30 4.17038e-31
0.363067 4.00219e-30 4.33558e-31
0.36326 6.00493e-31 4.23296e-31
0.363453 1.06456e-30 4.04374e-31
0.363646 1.10369e-30 3.97715e-31
0.363839 2.63702e-30 4.24885e-31
0.364032 2.1704e-31 4.28082e-31
0.364225 2.55371e-30 4.15023e-31
0.364418 6.87064e-31 4.00689e-31
0.364611 9.85547e-31 3.97149e-31
0.364804 2.26789e-30 3.98821e-31
0.364997 1.32386e-30 4.08793e-31
0.36519 1.68079e-30 4.00733e-31
0.365383 6.28112e-31 3.9372e-31
0.365576 1.70518e-33 4.09081e-31
0.365769 8.52971e-31 4.09867e-31
0.365962 6.12861e-31 4.00398e-31
0.366155 3.19954e-31 3.9487e-31
0.366348 6.11724e-31 4.11807e-31
0.366541 5.77763e-31 4.22094e-31
0.366734 1.38445e-30 4.25103e-31
0.366927 3.16044e-32 4.19778e-31
0.36712 1.06279e-30 4.04861e-31
0.367313 1.88264e-30 3.93624e-31
0.367506 9.13259e-31 4.05671e-31
0.367699 4.20268e-30 4.08873e-31
0.367893 2.05931e-30 4.00595e-31
0.368086 1.89108e-30 3.93106e-31
0.368279 1.89856e-30 3.99481e-31
0.368472 1.41701e-31 3.99834e-31
0.368665 9.59518e-31 4.03837e-31
0.368858 2.29894e-30 3.92378e-31
0.369051 5.58775e-31 3.99129e-31
0.369244 4.41832e-32 4.11401e-31
0.369437 5.09471e-31 4.19048e-31
0.36963 2.91368e-31 4.11992e-31
0.369823 3.1828e-31 4.01576e-31
0.370016 9.72432e-31 3.9743e-31
0.370209 6.29308e-31 4.0532e-31
0.370402 2.52709e-31 4.16019e-31
0.370595 1.4395e-30 4.06924e-31
0.370788 1.08074e-30 4.03854e-31
0.370981 8.5092e-31 4.12971e-31
0.371174 1.49922e-31 4.18991e-31
0.371367 9.78667e-31 4.21311e-31
0.37156 9.11339e-31 4.09997e-31
0.371753 6.80744e-31 4.10528e-31
0.371946 1.72324e-30 4.16671e-31
0.372139 4.5227e-32 4.22583e-31
0.372332 5.13975e-31 4.19463e-31
0.372525 6.29064e-31 4.20681e-31
0.372718 1.01843e-32 4.18451e-31
0.372911 1.40849e-30 4.17885e-31
0.373104 3.47158e-31 4.20928e-31
0.373297 3.76378e-32 4.20386e-31
0.37349 8.22791e-31 4.18928e-31
0.373683 1.79276e-31 4.28311e-31
0.373876 1.49968e-30 4.32387e-31
0.374069 5.42247e-31 4.33965e-31
0.374262 6.21087e-31 4.25579e-31
0.374455 1.8116e-30 4.31435e-31
0.374648 7.78209e-31 4.34231e-31
0.374841 2.24355e-30 4.38787e-31
0.375034 3.51629e-30 4.43131e-31
0.375227 1.85713e-30 4.42483e-31
0.37542 2.57639e-31 4.37707e-31
0.375613 8.16101e-31 4.4363e-31
0.375806 1.37423e-30 4.34581e-31
0.375999 1.59934e-31 4.30331e-31
0.376192 1.97549e-30 4.34574e-31
0.376385 5.91402e-32 4.38838e-31
0.376578 2.02089e-32 4.45859e-31
0.376771 4.63101e-31 4.47025e-31
0.376964 4.95636e-30 4.42295e-31
0.377157 7.62781e-31 4.37597e-31
0.37735 2.67579e-31 4.35719e-31
0.377543 1.40218e-30 4.43161e-31
0.377736 1.3081e-30 4.5627e-31
0.377929 1.37185e-30 4.88186e-31
0.378122 1.64174e-30 4.51937e-31
0.378315 1.90345e-30 4.5221e-31
0.378509 6.15922e-31 4.46911e-31
0.378702 2.82232e-30 4.39359e-31
0.378895 2.0911e-30 4.36989e-31
0.379088 2.97202e-32 4.37979e-31
0.379281 3.37231e-31 4.43319e-31
0.379474 3.46534e-31 4.51235e-31
0.379667 8.74211e-31 4.5138e-31
0.37986 3.08826e-31 4.39953e-31
0.380053 3.22437e-32 4.35416e-31
0.380246 2.74743e-31 4.469e-31
0.380439 5.4635e-31 4.58182e-31
0.380632 1.97016e-30 4.42418e-31
0.380825 3.57851e-31 4.35986e-31
0.381018 1.24079e-30 4.41519e-31
0.381211 9.96125e-31 4.41921e-31
0.381404 1.45174e-30 4.42368e-31
0.381597 2.05818e-30 4.50541e-31
0.38179 6.12716e-31 4.4645e-31
0.381983 5.23397e-31 4.52793e-31
0.382176 7.39771e-31 4.42868e-31
0.382369 1.18757e-30 4.52762e-31
0.382562 6.2923e-31 4.63587e-31
0.382755 3.52861e-31 4.83446e-31
0.382948 1.06447e-31 4.55131e-31
0.383141 4.32853e-31 4.47281e-31
0.383334 1.4909e-30 4.46366e-31
0.383527 1.32283e-30 4.53112e-31
0.38372 8.66792e-31 4.65745e-31
0.383913 5.61288e-31 4.55488e-31
0.384106 2.40724e-31 4.46163e-31
0.384299 1.62098e-31 4.47542e-31
0.384492 1.25653e-30 4.48584e-31
0.384685 5.29668e-31 4.57405e-31
0.384878 4.65983e-31 4.44216e-31
0.385071 1.424e-30 4.4613e-31
0.385264 7.9302e-31 4.49712e-31
0.385457 6.64129e-31 4.53136e-31
0.38565 5.63031e-31 4.56164e-31
0.385843 7.55296e-31 4.42723e-31
0.386036 7.59298e-32 4.51282e-31
0.386229 5.14587e-31 4.44727e-31
0.386422 6.0841e-31 4.52238e-31
0.386615 1.7563e-30 4.4937e-31
0.386808 4.90171e-31 4.42706e-31
0.387001 1.9274e-31 4.46329e-31
0.387194 2.25566e-30 4.42986e-31
0.387387 3.44709e-31 4.46315e-31
0.38758 3.58965e-31 4.46224e-31
0.387773 1.87525e-31 4.47492e-31
0.387966 1.99423e-31 4.46246e-31
0.388159 8.17872e-31 4.48481e-31
0.388352 2.25721e-30 4.49289e-31
0.388545 3.49589e-30 4.619e-31
0.388738 1.68613e-30 4.54754e-31
0.388931 2.99011e-30 4.49029e-31
0.389124 8.71864e-31 4.65877e-31
0.389318 6.28796e-31 4.74479e-31
0.389511 3.41448e-31 4.70169e-31
0.389704 2.7373e-31 4.58503e-31
0.389897 5.64539e-31 4.51692e-31
0.39009 1.00756e-30 4.58496e-31
0.390283 1.85301e-30 4.66241e-31
0.390476 1.89436e-31 4.75915e-31
0.390669 1.35364e-30 4.54107e-31
0.390862 8.40568e-31 4.66771e-31
0.391055 9.82701e-31 4.79539e-31
0.391248 8.43576e-31 4.82518e-31
0.391441 2.57137e-30 4.61426e-31
0.391634 1.10974e-30 4.54378e-31
0.391827 6.73068e-32 4.66286e-31
0.39202 1.29657e-30 4.69749e-31
0.392213 3.00129e-31 4.6994e-31
0.392406 1.16121e-30 4.62017e-31
0.392599 2.25764e-30 4.59878e-31
0.392792 4.55643e-31 4.67032e-31
0.392985 1.183e-30 4.64782e-31
0.393178 6.11271e-31 4.67809e-31
0.393371 3.11128e-30 4.6848e-31
0.393564 1.12929e-30 4.60242e-31
0.393757 2.06329e-30 4.60406e-31
0.39395 1.06134e-30 4.67391e-31
0.394143 1.9977e-31 4.6784e-31
0.394336 4.74261e-31 4.71866e-31
0.394529 4.48961e-32 4.52127e-31
0.394722 2.23425e-32 4.51866e-31
0.394915 3.76213e-31 4.63924e-31
0.395108 1.63561e-30 4.65034e-31
0.395301 3.91494e-31 4.53236e-31
0.395494 2.63927e-30 4.47588e-31
0.395687 4.26424e-31 4.56284e-31
0.39588 1.0274e-30 4.65149e-31
0.396073 3.65305e-32 4.67653e-31
0.396266 1.37199e-32 4.57278e-31
0.396459 5.42206e-31 4.40922e-31
0.396652 4.71467e-31 4.48138e-31
0.396845 7.09636e-31 4.44837e-31
0.397038 7.06994e-32 4.39259e-31
0.397231 4.34512e-31 4.34004e-31
0.397424 1.18451e-30 4.38961e-31
0.397617 6.97536e-31 4.61121e-31
0.39781 8.54299e-32 4.38798e-31
0.398003 3.45062e-31 4.26015e-31
0.398196 1.7909e-31 4.28731e-31
0.398389 1.1938e-30 4.34383e-31
0.398582 2.31037e-30 4.2936e-31
0.398775 3.88548e-31 4.32751e-31
0.398968 6.80376e-31 4.15949e-31
0.399161 1.06168e-30 4.14915e-31
0.399354 3.68113e-31 4.30599e-31
0.399547 6.06769e-31 4.30112e-31
0.39974 1.87701e-31 4.16509e-31
0.399934 3.89634e-31 4.17035e-31
0.400127 1.25415e-30 4.24445e-31
0.40032 2.92832e-30 4.39782e-31
0.400513 2.2349e-30 4.2821e-31
0.400706 4.84405e-31 4.08803e-31
0.400899 7.00939e-31 4.12798e-31
0.401092 1.83347e-31 4.43306e-31
0.401285 8.86684e-31 4.32743e-31
0.401478 2.04665e-30 4.34791e-31
0.401671 7.31707e-31 4.05205e-31
0.401864 1.62976e-30 4.06473e-31
0.402057 1.3102e-30 4.10816e-31
0.40225 9.43961e-31 4.30419e-31
0.402443 2.77076e-31 4.10458e-31
0.402636 1.10651e-30 4.03735e-31
0.402829 1.02109e-30 4.14794e-31
0.403022 1.71025e-31 4.34846e-31
0.403215 4.49585e-31 4.4485e-31
0.403408 3.05831e-31 4.28995e-31
0.403601 4.1928e-31 4.08276e-31
0.403794 1.10465e-32 4.10062e-31
0.403987 2.67988e-30 4.24227e-31
0.40418 1.2766e-31 4.10652e-31
0.404373 1.76759e-30 4.0453e-31
0.404566 2.99368e-30 4.11523e-31
0.404759 8.3785e-33 4.24538e-31
0.404952 1.18768e-30 4.22907e-31
0.405145 4.93844e-31 4.21318e-31
0.405338 5.51782e-31 4.12469e-31
0.405531 2.0781e-30 4.29286e-31
0.405724 1.31034e-31 4.34995e-31
0.405917 4.59147e-31 4.26552e-31
0.40611 1.45379e-30 4.15945e-31
0.406303 8.07421e-31 4.1299e-31
0.406496 7.28413e-31 4.11723e-31
0.406689 1.00647e-30 4.16166e-31
0.406882 1.46686e-30 4.17543e-31
0.407075 6.92644e-31 4.15696e-31
0.407268 1.25427e-30 4.18368e-31
0.407461 1.71797e-30 4.32693e-31
0.407654 5.6828e-31 4.37584e-31
0.407847 2.15444e-31 4.30263e-31
0.40804 6.66012e-31 4.16818e-31
0.408233 1.02143e-31 4.22147e-31
0.408426 5.88975e-31 4.2158e-31
0.408619 1.02373e-31 4.22193e-31
0.408812 5.05273e-31 4.18025e-31
0.409005 1.59974e-30 4.20584e-31
0.409198 1.5568e-30 4.31819e-31
0.409391 8.97372e-31 4.54324e-31
0.409584 7.21059e-31 4.46031e-31
0.409777 5.69123e-31 4.36246e-31
0.40997 1.32969e-31 4.26362e-31
0.410163 1.01432e-30 4.30136e-31
0.410356 5.65009e-32 4.40755e-31
0.41055 4.84245e-32 4.35323e-31
0.410743 8.20252e-31 4.24465e-31
0.410936 7.40702e-31 4.28254e-31
0.411129 5.93504e-31 4.40909e-31
0.411322 1.29652e-30 4.37233e-31
0.411515 4.42509e-31 4.29241e-31
0.411708 8.9909e-31 4.26339e-31
0.411901 3.30613e-31 4.33143e-31
0.412094 2.7528e-30 4.79144e-31
0.412287 7.04095e-30 4.70546e-31
0.41248 2.98178e-30 4.56898e-31
0.412673 1.47446e-30 4.316e-31
0.412866 8.5105e-31 4.30677e-31
0.413059 3.11967e-31 4.32471e-31
0.413252 3.25974e-31 4.37513e-31
0.413445 4.49033e-31 4.31186e-31
0.413638 9.22958e-31 4.3437e-31
0.413831 5.43095e-31 4.37966e-31
0.414024 7.15714e-31 4.60339e-31
0.414217 7.20017e-31 4.55167e-31
0.41441 1.96565e-30 4.28458e-31
0.414603 9.01762e-32 4.30758e-31
0.414796 1.11545e-31 4.4313e-31
0.414989 1.93362e-30 4.51744e-31
0.415182 1.45057e-30 4.49517e-31
0.415375 2.39894e-30 4.32241e-31
0.415568 1.94097e-30 4.28918e-31
0.415761 1.21981e-30 4.33437e-31
0.415954 3.95213e-30 4.34292e-31
0.416147 2.74067e-30 4.31176e-31
0.41634 1.65773e-30 4.35199e-31
0.416533 1.1875e-30 4.3488e-31
0.416726 5.28983e-31 4.34524e-31
0.416919 1.64188e-30 4.26537e-31
0.417112 2.67861e-30 4.23029e-31
0.417305 2.29313e-30 4.24629e-31
0.417498 1.72013e-31 4.2334e-31
0.417691 1.11071e-30 4.24374e-31
0.417884 2.3024e-30 4.23422e-31
0.418077 2.97153e-30 4.30155e-31
0.41827 3.97936e-30 4.4459e-31
0.418463 1.94393e-30 4.33302e-31
0.418656 4.35898e-30 4.19377e-31
0.418849 3.34028e-30 4.17453e-31
0.419042 3.94518e-30 4.16895e-31
0.419235 2.38646e-30 4.17672e-31
0.419428 3.90599e-30 4.19222e-31
0.419621 7.16625e-31 4.23874e-31
0.419814 1.10471e-31 4.22533e-31
0.420007 7.58569e-31 4.39351e-31
0.4202 1.17609e-30 4.24745e-31
0.420393 1.49023e-30 4.24418e-31
0.420586 2.10018e-30 4.33171e-31
0.420779 1.29628e-30 4.37516e-31
0.420972 1.92521e-31 4.42116e-31
0.421166 1.77314e-30 4.30891e-31
0.421359 1.11784e-30 4.26435e-31
0.421552 1.27077e-30 4.27142e-31
0.421745 1.99132e-30 4.26911e-31
0.421938 2.41959e-31 4.29637e-31
0.422131 6.37697e-31 4.31912e-31
0.422324 1.15627e-30 4.34872e-31
0.422517 2.97948e-31 4.35342e-31
0.42271 1.8189e-31 4.37344e-31
0.422903 1.7336e-30 4.31504e-31
0.423096 2.66831e-30 4.3164e-31
0.423289 7.87693e-31 4.34333e-31
0.423482 1.12598e-31 4.34852e-31
0.423675 1.18079e-30 4.46146e-31
0.423868 4.15377e-31 4.79844e-31
0.424061 1.73896e-30 4.74409e-31
0.424254 1.99788e-30 4.55845e-31
0.424447 2.212e-30 4.41555e-31
0.42464 1.4474e-30 4.418e-31
0.424833 2.97676e-30 4.45891e-31
0.425026 5.28684e-31 4.45191e-31
0.425219 1.43996e-31 4.46515e-31
0.425412 1.3566e-30 4.60272e-31
0.425605 9.6387e-31 4.63658e-31
0.425798 1.51281e-31 4.67377e-31
0.425991 1.07274e-30 4.52259e-31
0.426184 1.18218e-30 4.52832e-31
0.426377 4.68344e-31 4.62691e-31
0.42657 2.20112e-31 4.84082e-31
0.426763 3.52407e-31 4.83212e-31
0.426956 3.01907e-30 4.80767e-31
0.427149 5.72139e-31 4.60105e-31
0.427342 1.23228e-30 4.66473e-31
0.427535 2.6544e-30 4.64341e-31
0.427728 3.57122e-30 4.59997e-31
0.427921 2.8927e-32 4.61661e-31
0.428114 1.13654e-30 4.71455e-31
0.428307 1.39316e-30 4.82287e-31
0.4285 8.79163e-31 4.68644e-31
0.428693 2.29217e-30 4.73455e-31
0.428886 2.38246e-30 4.65446e-31
0.429079 1.96815e-30 4.68441e-31
0.429272 3.16434e-30 4.79148e-31
0.429465 3.28528e-30 4.78255e-31
0.429658 4.55525e-31 5.05527e-31
0.429851 1.05127e-30 4.86905e-31
0.430044 2.23514e-30 4.84569e-31
0.430237 3.07969e-30 4.65305e-31
0.43043 1.57446e-30 4.60706e-31
0.430623 5.07097e-31 4.64294e-31
0.430816 3.09316e-31 4.72789e-31
0.431009 2.23788e-31 4.61525e-31
0.431202 2.19801e-31 4.79431e-31
0.431395 1.14672e-31 4.85934e-31
0.431588 6.55008e-32 4.64272e-31
0.431781 2.22875e-31 4.60267e-31
0.431975 3.45296e-31 4.60902e-31
0.432168 1.40634e-30 4.69557e-31
0.432361 2.51008e-31 5.08384e-31
0.432554 2.84834e-31 4.7264e-31
0.432747 5.57074e-31 4.62487e-31
0.43294 5.46535e-31 4.48432e-31
0.433133 3.07349e-30 4.48987e-31
0.433326 2.83701e-30 4.53155e-31
0.433519 1.3689e-31 4.40692e-31
0.433712 8.75883e-31 4.38965e-31
0.433905 4.81573e-31 4.38077e-31
0.434098 1.6437e-31 4.37335e-31
0.434291 9.55523e-32 4.38785e-31
0.434484 6.12613e-31 4.27398e-31
0.434677 4.60923e-31 4.21194e-31
0.43487 9.8699e-31 4.27188e-31
0.435063 7.57346e-31 4.24593e-31
0.435256 1.49267e-30 4.1104e-31
0.435449 2.50156e-30 4.07723e-31
0.435642 3.09868e-31 4.0956e-31
0.435835 5.29752e-31 4.0492e-31
0.436028 3.25812e-31 4.09647e-31
0.436221 6.69587e-31 4.05827e-31
0.436414 6.93392e-31 3.9573e-31
0.436607 1.27561e-31 3.88266e-31
0.4368 8.61844e-31 3.87004e-31
0.436993 5.29296e-31 3.85221e-31
0.437186 1.11517e-30 3.82362e-31
0.437379 8.68486e-31 3.88344e-31
0.437572 4.51147e-32 4.02717e-31
0.437765 8.57713e-31 3.815e-31
0.437958 1.46411e-30 3.72379e-31
0.438151 1.59366e-30 3.79538e-31
0.438344 2.4212e-31 3.87427e-31
0.438537 1.30731e-30 3.83803e-31
0.43873 9.65863e-31 3.9314e-31
0.438923 1.28676e-30 3.71992e-31
0.439116 2.48122e-30 3.71032e-31
0.439309 1.02291e-30 3.6696e-31
0.439502 1.49462e-31 3.72194e-31
0.439695 5.64998e-31 3.6627e-31
0.439888 5.76358e-31 3.72966e-31
0.440081 1.65883e-31 3.89378e-31
0.440274 2.59465e-31 3.9626e-31
0.440467 6.86685e-31 3.82482e-31
0.44066 6.16845e-32 3.81985e-31
0.440853 9.13982e-31 3.67957e-31
0.441046 6.50108e-31 3.70246e-31
