0.160417234333294800E+00
0.872774197668604756E+00
0.716267640059868427E+00
0.901106938889142839E+00
0.841792065774825460E+00
0.217331497083250724E-01
0.383836496188109777E+00
0.338708798751213180E+00
0.686528735970114212E+00
0.135187206829505158E+01
0.427327103730931412E+00
0.185352423623044160E+00
0.116818564472100661E+01
0.956343568509851139E+00
0.100958408856160986E+01
0.162367945269159009E+01
0.134238589677784148E+01
0.105754753506118959E+01
0.154223187352476998E+01
0.500225884205747207E+00
0.553354167952534226E+00
0.489462294005306831E+00
0.110162309854479190E+01
0.107113436521501626E+01
0.114627281973639583E+01
0.107480236150922792E+01
0.160073481380652538E+01
0.137337091624328878E+01
0.517270978235956136E+00
0.121774863396478850E+01
0.125091116110058920E+01
0.159115662816407166E+01
0.735075858558730033E+00
0.656617256594927312E+00
0.351796349807841580E+00
0.127016451285680887E+01
0.100473816574390185E+01
0.113640188348676929E+01
0.124443179477623289E+01
0.650131215438818799E+00
0.142304793696166598E+01
0.980982344596327493E+00
0.100681853226046769E+01
0.155245509489066080E+01
0.117121065517972056E+01
0.947169785024016164E+00
0.122138600068421965E+01
-0.147233228139384664E+00
-0.237197755550255351E+00
-0.178298266154456542E+00
-0.740240031318535330E-01
0.791657637427078953E-01
0.624466351450791990E-02
0.358297644032631979E+00
0.302233069136264021E-01
0.159841007106979305E+01
0.558462153437744746E+00
0.533522946514153773E+00
0.700806643646956218E+00
0.871753149268784000E+00
0.156545892672556874E+01
0.148892608756784739E+01
0.141028926205513017E+01
0.158246906647946162E+01
0.768716812617981304E+00
0.365807738901935409E+00
-0.835661131768574705E-01
-0.351575696608961152E-01
0.361443357488724359E-01
0.577202447179274714E+00
0.271014608788732403E+00
0.696568613672866377E+00
0.183996986079478120E+00
0.327380709675708204E+00
0.779431579761080684E+00
-0.494764973595920310E-01
0.283469353373334343E+00
0.700431706034123636E+00
0.288082770418895961E-02
0.337025175067196869E+00
0.346711174159281654E+00
0.655803150703377469E+00
0.887269376146150535E+00
0.126138921193273745E+00
0.221524061419358986E+00
0.261702511205498922E+00
0.950190469712879349E-01
0.236926215243556726E+00
0.880055330226582555E+00
0.150927663087486508E+01
0.352681706908583692E+00
0.130750761227125167E+01
0.368089540663277148E+00
0.137272608703801779E+01
0.140162696349398175E+01
0.111059257867293582E+01
0.117667645113431263E+01
0.152031570181270581E+01
0.669329681011163302E+00
0.687373511252644676E-01
0.104356782948161708E+01
0.133026727482342721E+01
0.352172270236678742E+00
0.633323325830247086E+00
0.103727758124477987E+01
0.144626984187880225E+00
0.101586196860250766E+01
0.107705196695974337E+00
0.267745868463407533E+00
0.102153579460150468E+01
0.133192379284821527E+01
-0.109084868157333403E+01
-0.106571320071645914E+01
-0.713604504443196674E+00
-0.106576179752437383E+01
-0.328564334138036429E+00
-0.113376561418203892E+01
-0.157540488627023478E+01
-0.916215184491761647E+00
-0.158139927324805285E+01
-0.122950909617281923E+01
-0.152521019872483521E+01
-0.891803701207322774E+00
-0.156828578310364719E+01
-0.130072616030042809E+01
-0.112621977788660388E+01
-0.113865319780302343E+01
-0.144745731914792941E+01
-0.181643828707478860E+00
-0.236966074266433679E+00
-0.103332969224118187E+01
-0.116248642149867010E+01
-0.103224518213153260E+01
-0.558460513501700007E+00
-0.956781496985399826E+00
-0.870645967063751414E+00
-0.571686829709619815E+00
-0.902750337918519108E+00
-0.104065368058309105E+01
-0.362231764936041145E+00
-0.571584095113621515E+00
-0.690106845326567964E+00
-0.134039459487996737E+01
-0.238184315103922017E+00
-0.148637059537054483E+01
-0.744670691005694607E+00
-0.181956602739433038E+00
-0.942429052677198342E+00
-0.131552318303772608E+01
-0.120255583245682374E+01
-0.837165305211442501E+00
-0.456565091033553472E+00
-0.119910273684160984E+01
-0.917597026814519268E+00
-0.119837818106100258E+01
-0.830024734054404689E+00
-0.364962827585600280E+00
-0.156761637079284810E+01
-0.858724283175433811E-01
-0.175125713258353244E+00
-0.574861474020963215E+00
-0.929796737164565457E+00
-0.970630024781257816E+00
-0.154655451431119673E+01
-0.655936882868331850E+00
-0.309006159083764942E+00
-0.505625119292972158E+00
-0.379733264158630845E+00
-0.560854495118064733E+00
-0.120260997443449469E+01
-0.109978410437133789E+01
-0.151654319060867238E+01
-0.111788765510800658E+01
-0.131581615161553600E+01
-0.125348605802059865E+01
-0.124858124061654507E+01
-0.545091484355452849E+00
-0.120330245184595697E+01
-0.110756224148622096E+01
-0.149865448584250771E+01
-0.110602846062749904E+01
-0.106891780201044639E+01
-0.860321708301398758E+00
-0.903706943198812951E+00
-0.112368480939051096E+01
-0.937884578278953995E+00
-0.149986544356909235E+01
-0.115024410833314050E+01
-0.137834817761154227E+01
-0.135138866387626422E+01
-0.440320119688180966E+00
-0.463528261487567761E+00
-0.293744780363113023E+00
-0.499319179002668534E+00
-0.111204384531697542E+01
-0.639616285166653142E+00
-0.479534148529182858E+00
-0.153716719099543297E+01
-0.595507265904643646E+00
-0.588747544344982998E+00
-0.155964923219323737E+01
-0.125825559271947895E+01
-0.915212241364088186E+00
-0.936017509495172817E+00
-0.862375132172132908E+00
-0.114683942101294178E+01
-0.683764717217968609E+00
-0.922835066510856450E+00
-0.289636388131043532E+00
-0.145453459080852099E+01
-0.611236678660134203E+00
-0.686431859438698666E+00
-0.921385024285655163E+00
-0.116543590426238097E+01
-0.110404230063738851E+01
-0.219343566316638316E+00
-0.188647569031672901E+00
0.198105132525938643E+00
-0.615521629385852975E+00
0.649803441808558091E+00
-0.148020652877517023E+01
-0.435765334818370320E+00
-0.723906826537699999E+00
-0.116724515225541836E+00
-0.545797376174732563E+00
0.511305851241104392E+00
0.114025303332016392E+01
-0.187050270049780920E+00
-0.644287041108555059E+00
-0.568789472839625887E+00
-0.455443968121812759E+00
-0.860322636162777599E+00
-0.157242738283810013E+01
-0.132033499072281302E+01
-0.103090433209945331E+01
-0.280647777800936638E+00
0.710593996418538154E-01
-0.951513071722047243E+00
-0.695326240007602792E+00
-0.844178310877168769E+00
-0.582269875694237271E+00
-0.255644426577077866E+00
-0.155318032249999760E+01
-0.107459019840143810E+01
-0.586918934122081737E+00
-0.328504080870516191E+00
0.313450425989572068E+00
-0.135431647907762454E+01
-0.987808365997693727E+00
-0.846399036875254751E+00
-0.157110448390687907E+01
-0.868353907993537177E+00
-0.102905211640393190E+01
-0.130395060211151304E+01
-0.145174458752558166E+01
-0.649431972225102072E+00
-0.110181585378506952E+01
-0.675361063834770903E+00
-0.129745343561762638E+01
-0.908383725422936550E+00
-0.887566258933247809E+00
-0.153105266015052166E+01
-0.119254557272142847E+01
-0.118858332294382762E+01
-0.152581807916146772E+01
-0.905825237657154503E+00
-0.103087431048652434E+01
-0.138929814120012907E+01
-0.142916655451347197E+01
-0.802010196303058365E+00
-0.133719309110608719E+01
-0.137461950534714106E+01
-0.112995301572732387E+01
-0.152820520392288017E+01
-0.120964020984979470E+01
-0.976178011350611996E+00
-0.526217578090381721E+00
-0.595634524570186841E+00
-0.145573320815935858E+01
-0.125796644206639030E+01
-0.407238517677114942E+00
-0.798424283248436950E+00
-0.149499718964307249E+01
-0.361602976439485246E+00
-0.908409631651124982E+00
-0.564950768081530441E+00
-0.859003736673344065E+00
-0.426087031873294109E+00
-0.865071176343690240E+00
-0.126843092162482662E+01
-0.993771020418307671E+00
-0.474645063545040102E+00
-0.634579883463629812E+00
-0.712716601757392709E-01
-0.168452903404727294E+00
-0.821813412274650545E+00
0.127352494415163164E+00
0.235119065650906123E+00
0.198173192179865509E+00
-0.342835095148075197E-01
0.162173695534875151E-01
-0.144816747126924383E+00
-0.912353444899054011E+00
-0.100086787050713610E+00
-0.145535845671849984E+01
-0.362726458964516496E+00
0.122474088376520740E+00
-0.228324173536179842E+00
-0.115731421182874783E+01
-0.120770065309432084E+01
-0.502753179157593877E+00
-0.470662492971882784E+00
-0.128832591880075142E+01
-0.465613636859529834E+00
-0.111563778476579500E+01
-0.671123405684284080E+00
-0.135084823322006287E+01
-0.622006882130904160E+00
-0.157296072814006038E-02
-0.169819920853115036E+00
-0.155087639657665477E+01
-0.120501643497323130E+01
-0.569272680312906232E+00
0.348466292763305319E-01
-0.155387088807731288E+01
-0.218610526102224867E+00
-0.957340047861748644E+00
-0.915623984998092055E+00
-0.843975766732796728E+00
-0.231215770006201637E+00
-0.156514496569820949E+01
-0.251612011262523083E+00
-0.277021370542570367E+00
-0.351227859444293244E+00
-0.729530499638144647E+00
-0.748972063404607979E+00
-0.110911859535269741E+01
-0.962061357728998701E+00
-0.728061947478636284E+00
-0.356573580842109550E+00
-0.102293071832968963E+01
-0.123020007360605632E+01
-0.878249555919865088E+00
-0.132709238021152487E+01
-0.729165662311174856E+00
-0.670088617150554455E+00
-0.796164425356778338E+00
-0.118506374116452662E+01
-0.106722875203843159E+01
-0.146125464235865365E+00
-0.641153414918221642E+00
-0.293505401634774898E-02
-0.849095791443005510E+00
-0.322916780636319345E+00
-0.784782143919983355E+00
-0.110547538215450913E+01
-0.126842901754503146E+01
-0.168073994028418383E+00
-0.112229625058250804E+01
-0.262086667917628802E+00
-0.648230679374478314E+00
-0.746492022911070308E+00
-0.133808726352560825E+01
-0.373504002216122899E-01
0.542474229691833898E-01
-0.126785698029334526E+01
-0.155488155192608701E+01
0.169451674782976625E+00
-0.860664760453119015E+00
-0.529759113373984292E+00
-0.118998849750130375E+01
-0.928037714369907007E+00
-0.916556241721764309E+00
-0.369474022234840049E+00
-0.248539879503823613E+00
-0.388598130257378216E-01
-0.141296255841086804E+01
-0.527466610928740920E+00
0.784952034176740199E-01
-0.612566125178091170E-01
-0.116683382185362916E+01
-0.515539728020712573E+00
-0.109913183057437891E+01
0.424744565760533987E+00
-0.143474796494331258E+01
-0.234945890648191380E+00
-0.670685621544294008E+00
-0.103405267444964011E+01
-0.141441668017046140E+01
-0.194443132059859636E+00
0.148749010309757068E+00
-0.366694713743413558E+00
-0.108904105598276146E+01
-0.123471221769807471E+01
0.996224864327814430E+00
0.483558112706759857E+00
0.939477302095156119E+00
-0.326322861604808168E+00
-0.177676515360076337E+00
-0.249749661830719560E+00
0.710132345809597609E-01
-0.224184508203393307E+00
0.107500134834481287E+00
-0.298123682588311567E+00
-0.886331446197345940E-01
0.399584939282817686E+00
0.923447490672515414E-01
0.381663276023800790E+00
-0.467899878982393602E+00
-0.871715023650949661E-01
-0.561603786482919531E+00
0.835303857836834140E+00
0.520338552451676151E+00
0.865727184072625278E+00
0.998274949825599833E+00
0.343814283985352631E+00
0.321502469930806001E+00
0.247552845265204269E+00
0.145601479879121598E+01
0.844788370667743038E+00
0.947224605639689798E+00
0.136322597869661877E+01
-0.242882576627380331E+00
0.601544715842010191E+00
0.119416010954796548E+01
0.145693159658708282E+01
0.323390267624745320E+00
0.122825617316948410E+00
0.431300252688970431E+00
0.109003530557743034E+00
0.124466749555347178E+01
0.103607617993066015E+01
0.160009358771094412E+01
0.141876935227071499E+01
0.146351458532126344E+01
0.107853860866180185E+01
0.157743479447879054E+01
0.110575332385826641E+01
0.144182434077993094E+01
0.489821099213259004E+00
0.788276902257166512E+00
0.916839216293737991E+00
0.900875736336729460E+00
0.115492255663718879E+01
0.589506472760831457E+00
0.133419325942088562E+01
0.109831497977404524E+01
0.680878674336440781E+00
0.514868137436110374E+00
0.127856572280757064E+01
0.302938604872906581E+00
0.134474252984205123E+01
0.906490990009388042E+00
0.110152351294232176E+01
0.263359422169969548E+00
0.326931283552312379E+00
0.136672752171125467E+01
0.106307264939255219E+01
0.775646851963074369E+00
-0.323629100088282939E-01
0.411170243967262650E-02
-0.101786185348601066E+00
0.795194467947226258E+00
0.108313876629415518E+01
0.149551670997993824E+01
0.157124798274162458E+01
0.126645887734434837E+01
0.162224107890108371E+01
0.159790920782506873E+01
0.382527286519916743E+00
0.579782519558989407E+00
0.715911633269797676E+00
0.553232299155752116E+00
0.147355016033293396E+01
0.937197802281161785E+00
0.579932618702400760E+00
0.103300576526726218E+01
0.123656695517570370E+01
0.881380051302812717E+00
0.984936340192803073E+00
0.163178035275166167E+01
0.108109756731460038E+01
0.144691036365873060E+01
0.123932880022039171E+00
0.170515051239476634E+00
0.514234463419029453E+00
0.910454094951433035E+00
0.381786099330952311E+00
0.109363366329012024E+01
0.151950598297219130E+01
0.117373160475665372E+01
0.921883650508448227E+00
0.151636949649343933E+01
0.469884230081220267E+00
0.138586262400178839E+01
0.156654700918704748E+01
0.159615380171510424E+01
0.156254338829637618E+01
-0.390594856858569983E+00
0.816928688938105552E-01
