Parallaxes from .par file

J0613-0200_ecliptic.par:PX             0.98612101928526933368    1  0.08847189908917604817
J1017-7156_ecliptic.par:PX             1.2994112462052108996     1  0.68466839076870156244
J1022+1001_ecliptic.par:PX             1.1702161678430745153     1  0.10130778241733931488
J1024-0719_ecliptic.par:PX             0.83254082518328646176    1  0.13827425943132323760
J1045-4509_ecliptic.par:PX             1.853137239272800674      1  0.71671324116619072875
J1125-6014_ecliptic.par:PX             1.520447558413297029      1  0.39831670953027559223
J1446-4701_ecliptic.par:PX             0.62245150565068473096    1  0.36220730087398089747
J1545-4550_ecliptic.par:PX             0.43289528210907778273    1  0.14140069110457040291
J1600-3053_ecliptic.par:PX             0.51481220479614088893    1  0.05769157575758523948
J1603-7202_ecliptic.par:PX             0.59486822274479849169    1  0.38416993326379650364
J1643-1224_ecliptic.par:PX             0.83095964793666447193    1  0.16830714662133472448
J1713+0747.kop_ecliptic.par:PX         0.78528831324251633121    1  0.02219524870526544055
J1730-2304_ecliptic.par:PX             2.09041627639659711       1  0.10811386026473684963
J1744-1134_ecliptic.par:PX             2.4320404256179335161     1  0.05837270936938829952
J1824-2452A_ecliptic.par:PX            0.0095024333603397127834  1  0.19528585166493031555
J1832-0836_ecliptic.par:PX             0.68677655897501850075    1  0.20686314626050675280
J1857+0943_ecliptic.par:PX             0.85830994606760059877    1  0.15638248265376750168
J1909-3744.kop_ecliptic.par:PX         0.85905913956648474294    1  0.01337056365863312397
J1939+2134_ecliptic.par:PX             0.19015938809520457596    1  0.05106344877828516982
J2124-3358_ecliptic.par:PX             2.2117669666722693893     1  0.20850035332087688000
J2129-5721_ecliptic.par:PX             0.28737410897634076311    1  0.16921305314566179034
J2145-0750_ecliptic.par:PX             1.4033914570819756236     1  0.10663514104154411810
J2241-5236_ecliptic.par:PX             0.91001762155917870645    1  0.07418494921208335091


J0613-0200