    0.141083549387353167E-98   -0.128726390556912214E+06    0.626040220260620117E+00    0.924152135848999023E+00   -0.103397303819656372E+02    0.114545488357543945E+01
    0.502696200176819179E-97   -0.128733576994594419E+06    0.461035609245300293E+00    0.203577339649200439E+00   -0.113786685466766357E+02    0.465033996105194092E+01
    0.643547799960768556E-97   -0.128734111015181712E+06    0.483467519283294678E+00    0.560807585716247559E-01   -0.108670020103454590E+02    0.503884291648864746E+01
    0.160026266095384601E-96   -0.128735972868686425E+06    0.707654714584350586E+00    0.691590905189514160E+00   -0.108628726005554199E+02    0.328890609741210938E+01
    0.328410545204538347E-95   -0.128742055891918542E+06    0.486853241920471191E+00    0.168339312076568604E+00   -0.109587240219116211E+02    0.440355634689331055E+01
    0.778983490870641733E-95   -0.128743823342648553E+06    0.289880990982055664E+00    0.129821538925170898E+00   -0.107596898078918457E+02    0.500530815124511719E+01
    0.374774268843827309E-93   -0.128751610351104639E+06    0.404606580734252930E+00    0.102366328239440918E+00   -0.112556862831115723E+02    0.355859076976776123E+01
    0.817644062886540460E-93   -0.128753210557536600E+06    0.202192842960357666E+00    0.212166726589202881E+00   -0.101709640026092529E+02    0.555328953266143799E+01
    0.875788547346247977E-93   -0.128753387952669669E+06    0.627785503864288330E+00    0.808832645416259766E+00   -0.107129049301147461E+02    0.405735290050506592E+01
    0.237501112616993813E-91   -0.128760028388302992E+06    0.404251158237457275E+00    0.252350509166717529E+00   -0.107918238639831543E+02    0.524423432350158691E+01
    0.310470626810689725E-90   -0.128765209392467164E+06    0.657537400722503662E+00    0.817645668983459473E+00   -0.107909262180328369E+02    0.151470065116882324E+00
    0.715158314226374332E-89   -0.128771523391932002E+06    0.575733304023742676E+00    0.928096532821655273E+00   -0.107570612430572510E+02    0.374585187435150146E+01
    0.170474968634139276E-88   -0.128773300731193449E+06    0.187598884105682373E+00    0.255330979824066162E+00   -0.105321168899536133E+02    0.327397835254669189E+01
    0.172696971028268102E-87   -0.128777971801322768E+06    0.880053877830505371E+00    0.724320769309997559E+00   -0.115354466438293457E+02    0.181905055046081543E+01
    0.505228047317300534E-87   -0.128780158744242988E+06    0.994323551654815674E+00    0.879826307296752930E+00   -0.115604007244110107E+02    0.560868036746978760E+01
    0.748631742915468188E-87   -0.128780985218825837E+06    0.796708464622497559E+00    0.752786815166473389E+00   -0.118651074171066284E+02    0.346475958824157715E+01
    0.116459151643594225E-86   -0.128781908975780301E+06    0.374329626560211182E+00    0.276116311550140381E+00   -0.105420327186584473E+02    0.389100015163421631E+01
    0.124712066214155305E-85   -0.128786691080022487E+06    0.340335607528686523E+00    0.147354543209075928E+00   -0.102088290452957153E+02    0.266380369663238525E+01
    0.266827390258105395E-83   -0.128797462609116381E+06    0.884901821613311768E+00    0.734397232532501221E+00   -0.108483868837356567E+02    0.620346307754516602E+00
    0.409001317444405451E-82   -0.128802962012114906E+06    0.841245472431182861E+00    0.763328671455383301E+00   -0.117014998197555542E+02    0.179717588424682617E+01
    0.411460740957334172E-81   -0.128807619172768231E+06    0.125683128833770752E+00    0.118167519569396973E+00   -0.119859445095062256E+02    0.519505512714385986E+01
    0.241945025133454421E-80   -0.128811202336795483E+06    0.737972021102905273E+00    0.804054498672485352E+00   -0.100907570123672485E+02    0.484065234661102295E+01
    0.146482309833286195E-79   -0.128814843895256869E+06    0.971125483512878418E+00    0.844587445259094238E+00   -0.112414598464965820E+02    0.583246564865112305E+01
    0.341875495585846517E-79   -0.128816578979164085E+06    0.405787467956542969E+00    0.195518136024475098E+00   -0.102496510744094849E+02    0.539097118377685547E+01
    0.436928286511466178E-79   -0.128817109624073593E+06    0.826445043087005615E+00    0.723772883415222168E+00   -0.106027227640151978E+02    0.443268263339996338E+01
    0.930003912423338620E-78   -0.128823265633690593E+06    0.739393532276153564E+00    0.726925253868103027E+00   -0.109306371212005615E+02    0.447711288928985596E+01
    0.224409469671657597E-77   -0.128825067371035941E+06    0.907456636428833008E+00    0.798570811748504639E+00   -0.103083354234695435E+02    0.512063455581665039E+01
    0.936108178412804551E-77   -0.128827963888380546E+06    0.407341480255126953E+00    0.115500092506408691E+00   -0.105220001935958862E+02    0.113964915275573730E+01
    0.258428402322079796E-75   -0.128834640004026412E+06    0.199881970882415771E+00    0.248905479907989502E+00   -0.106058007478713989E+02    0.368981230258941650E+01
    0.604881601668364334E-75   -0.128836380832140785E+06    0.326691567897796631E+00    0.277916729450225830E+00   -0.113230067491531372E+02    0.413519310951232910E+01
    0.369028198863941086E-73   -0.128844642853156052E+06    0.477914571762084961E+00    0.164851427078247070E+00   -0.113204956054687500E+02    0.784515738487243652E+00
    0.369995797510617689E-73   -0.128844688090329437E+06    0.329607605934143066E+00    0.259233355522155762E+00   -0.114015060663223267E+02    0.513410532474517822E+01
    0.365143860028871665E-73   -0.128844701689860434E+06    0.716863512992858887E+00    0.816503345966339111E+00   -0.102684873342514038E+02    0.282499873638153076E+01
    0.176181030724332534E-71   -0.128852494471506565E+06    0.833457529544830322E+00    0.746287763118743896E+00   -0.116062426567077637E+02    0.414159393310546875E+01
    0.124471247580232156E-70   -0.128856444767084613E+06    0.857215821743011475E+00    0.741223156452178955E+00   -0.109881001710891724E+02    0.479395866394042969E+01
    0.285899817161595269E-70   -0.128858147900512035E+06    0.176157474517822266E+00    0.233328938484191895E+00   -0.109651339054107666E+02    0.377668762207031250E+01
    0.539835016399112350E-69   -0.128864064314913776E+06    0.259865820407867432E+00    0.291277348995208740E+00   -0.113853162527084351E+02    0.168813943862915039E+01
    0.398725430066957071E-68   -0.128868103504034007E+06    0.948519945144653320E+00    0.779103457927703857E+00   -0.108222264051437378E+02    0.241980028152465820E+01
    0.829253218804304425E-68   -0.128869608009083197E+06    0.669540166854858398E+00    0.819618046283721924E+00   -0.106311279535293579E+02    0.122665536403656006E+01
    0.171553561804031465E-64   -0.128884917429771478E+06    0.577943444252014160E+00    0.949478805065155029E+00   -0.105210262537002563E+02    0.221546888351440430E+01
    0.762633599889055078E-64   -0.128887941194120547E+06    0.794722855091094971E+00    0.724788010120391846E+00   -0.110800522565841675E+02    0.390318810939788818E+01
    0.773672251082082657E-64   -0.128888009935379727E+06    0.643885195255279541E+00    0.821362555027008057E+00   -0.108527082204818726E+02    0.923830032348632812E+00
    0.102644820235146984E-62   -0.128893220528443810E+06    0.328183114528656006E+00    0.271406412124633789E+00   -0.114525049924850464E+02    0.250651144981384277E+01
    0.225062635669893846E-62   -0.128894830736568751E+06    0.764507949352264404E+00    0.759187817573547363E+00   -0.114163649082183838E+02    0.515152537822723389E+01
    0.279854341599343532E-62   -0.128895306517598801E+06    0.600606620311737061E+00    0.955325603485107422E+00   -0.105284970998764038E+02    0.211820912361145020E+01
    0.281576202737616271E-62   -0.128895358785307093E+06    0.713648021221160889E+00    0.800849497318267822E+00   -0.117576348781585693E+02    0.454203593730926514E+01
    0.793099495902453103E-61   -0.128902075046629267E+06    0.310655176639556885E+00    0.147256135940551758E+00   -0.112613552808761597E+02    0.521259033679962158E+01
    0.157321341971683969E-60   -0.128903484900407755E+06    0.388272404670715332E+00    0.194779932498931885E+00   -0.112900322675704956E+02    0.273613572120666504E+00
    0.538128556232678887E-60   -0.128905984514419732E+06    0.184519588947296143E+00    0.211565792560577393E+00   -0.107817643880844116E+02    0.432441973686218262E+01
    0.410072839474173241E-59   -0.128910086159240629E+06    0.283263146877288818E+00    0.276683688163757324E+00   -0.113476085662841797E+02    0.266943740844726562E+01
    0.178375316193369425E-58   -0.128913066439521121E+06    0.814332425594329834E+00    0.723374545574188232E+00   -0.108955985307693481E+02    0.111913025379180908E+01
    0.482974686176882022E-58   -0.128915098588309687E+06    0.187188744544982910E+00    0.197915554046630859E+00   -0.105400282144546509E+02    0.422343134880065918E+01
    0.486056488209645816E-55   -0.128928966820078291E+06    0.925679922103881836E+00    0.804251015186309814E+00   -0.107946020364761353E+02    0.439348876476287842E+01
    0.382292196341896340E-54   -0.128933131711024413E+06    0.212905943393707275E+00    0.109612882137298584E+00   -0.111324012279510498E+02    0.801518082618713379E+00
    0.513478271510155362E-53   -0.128938366926182178E+06    0.975462138652801514E+00    0.920222878456115723E+00   -0.103816145658493042E+02    0.290483987331390381E+01
    0.711067258534661189E-53   -0.128939058044799051E+06    0.425737202167510986E+00    0.175029695034027100E+00   -0.112569648027420044E+02    0.552051365375518799E+01
    0.194552752989765984E-52   -0.128941111087639962E+06    0.932034730911254883E+00    0.845532715320587158E+00   -0.117163950204849243E+02    0.393686950206756592E+01
    0.613068877038442564E-52   -0.128943446635520610E+06    0.120171368122100830E+00    0.779457092285156250E-01   -0.105273807048797607E+02    0.160867273807525635E+01
    0.201584650275090558E-51   -0.128945867269913768E+06    0.243978559970855713E+00    0.204894363880157471E+00   -0.114846426248550415E+02    0.564658856391906738E+01
    0.332753850902472975E-50   -0.128951514827372506E+06    0.310458481311798096E+00    0.167280733585357666E+00   -0.116869801282882690E+02    0.377951574325561523E+01
    0.862018142236774964E-49   -0.128958063744132407E+06    0.576914250850677490E+00    0.966768145561218262E+00   -0.103798151016235352E+02    0.432222568988800049E+01
    0.498651170712945635E-48   -0.128961614175273367E+06    0.187833666801452637E+00    0.156649827957153320E+00   -0.116883838176727295E+02    0.455733668804168701E+01
    0.113370341730340760E-47   -0.128963296851510764E+06    0.648160040378570557E+00    0.914845764636993408E+00   -0.109570795297622681E+02    0.376105821132659912E+01
    0.169537389209630713E-47   -0.128964141678845743E+06    0.218160033226013184E+00    0.167827546596527100E+00   -0.103860157728195190E+02    0.342175555229187012E+01
    0.333464990939529407E-46   -0.128970139777826422E+06    0.301803112030029297E+00    0.266880869865417480E+00   -0.108751416206359863E+02    0.165324103832244873E+01
    0.287084526831710274E-45   -0.128974485425624065E+06    0.226742148399353027E+00    0.145130157470703125E+00   -0.110532921552658081E+02    0.511468935012817383E+01
    0.632404711470221564E-45   -0.128976104931353009E+06    0.156224429607391357E+00    0.198246777057647705E+00   -0.109520953893661499E+02    0.203762269020080566E+01
    0.797561695028821862E-45   -0.128976608990626526E+06    0.907558858394622803E+00    0.833882153034210205E+00   -0.114719170331954956E+02    0.545954596996307373E+01
    0.109095322629934432E-43   -0.128981880656653288E+06    0.302950859069824219E+00    0.181701540946960449E+00   -0.113781887292861938E+02    0.579356646537780762E+01
    0.211353116790921852E-43   -0.128983243273162021E+06    0.579876840114593506E+00    0.944386720657348633E+00   -0.114028531312942505E+02    0.278802824020385742E+01
    0.610221250223285342E-43   -0.128985403855807468E+06    0.788397550582885742E+00    0.763110697269439697E+00   -0.108023589849472046E+02    0.126331901550292969E+01
    0.329251736970154895E-42   -0.128988815028032361E+06    0.710384786128997803E+00    0.831863462924957275E+00   -0.116318577527999878E+02    0.411447143554687500E+01
    0.496003352288950204E-42   -0.128989674548170777E+06    0.158676207065582275E+00    0.106216967105865479E+00   -0.108436053991317749E+02    0.470139026641845703E+00
    0.123024081666056310E-41   -0.128991531313230284E+06    0.394973278045654297E+00    0.159177482128143311E+00   -0.105887329578399658E+02    0.171613740921020508E+01
    0.388327873332725566E-41   -0.128993870253020359E+06    0.761386096477508545E+00    0.825919866561889648E+00   -0.105542945861816406E+02    0.465565395355224609E+01
    0.412299762993686068E-41   -0.128994030054315808E+06    0.439012289047241211E+00    0.150570750236511230E+00   -0.115929323434829712E+02    0.258337426185607910E+01
    0.114616889168622878E-40   -0.128996114913508791E+06    0.153232514858245850E+00    0.179856300354003906E+00   -0.110560870170593262E+02    0.294315576553344727E+01
    0.112949127925000916E-39   -0.129000730768402020E+06    0.332981646060943604E+00    0.173887610435485840E+00   -0.115920543670654297E+02    0.385323750972747803E+01
    0.202468593382612112E-39   -0.129001938062918256E+06    0.662957310676574707E+00    0.832309961318969727E+00   -0.113869816064834595E+02    0.335751879215240479E+01
    0.928436811038482963E-39   -0.129005023898005224E+06    0.250411987304687500E+00    0.229503631591796875E+00   -0.114579349756240845E+02    0.222735249996185303E+01
    0.255177014244409329E-38   -0.129007085978499701E+06    0.740391731262207031E+00    0.770332157611846924E+00   -0.111774587631225586E+02    0.347534501552581787E+01
    0.359115926674226589E-37   -0.129012414524233798E+06    0.978490173816680908E+00    0.853479325771331787E+00   -0.110808598995208740E+02    0.169530451297760010E+01
    0.818620383212901260E-37   -0.129014102474657688E+06    0.934728980064392090E+00    0.832337617874145508E+00   -0.106744933128356934E+02    0.242600011825561523E+01
    0.205301319843896782E-36   -0.129015981361421727E+06    0.166595757007598877E+00    0.150495886802673340E+00   -0.107981973886489868E+02    0.448992633819580078E+01
    0.260672764707546410E-36   -0.129016498935607247E+06    0.450524091720581055E+00    0.129059731960296631E+00   -0.110154324769973755E+02    0.490351796150207520E+01
    0.276902774352311956E-36   -0.129016659736814923E+06    0.829514980316162109E+00    0.846793591976165771E+00   -0.107432770729064941E+02    0.393963861465454102E+01
    0.399086981375149726E-36   -0.129017430762699136E+06    0.262567698955535889E+00    0.206945300102233887E+00   -0.105794191360473633E+02    0.306582891941070557E+01
    0.554795603655853028E-36   -0.129018129603444424E+06    0.335505366325378418E+00    0.218757987022399902E+00   -0.106368213891983032E+02    0.298664188385009766E+01
    0.590986971911682378E-36   -0.129018295991862047E+06    0.819031298160552979E+00    0.828122377395629883E+00   -0.109871232509613037E+02    0.487900149822235107E+01
    0.722779804679774113E-36   -0.129018738613151858E+06    0.731079101562500000E+00    0.770489752292633057E+00   -0.112285917997360229E+02    0.296952331066131592E+01
    0.105015798525618035E-35   -0.129019525795703972E+06    0.964431703090667725E+00    0.860208570957183838E+00   -0.112391591072082520E+02    0.345281231403350830E+01
    0.520249103453265706E-35   -0.129022766189585935E+06    0.120471060276031494E+00    0.938498973846435547E-01   -0.107418847084045410E+02    0.451661074161529541E+01
    0.272812400881562784E-34   -0.129026120313053412E+06    0.973745346069335938E+00    0.858840644359588623E+00   -0.109058833122253418E+02    0.185554897785186768E+01
    0.679303092690667005E-34   -0.129027984879105876E+06    0.996461033821105957E+00    0.914688348770141602E+00   -0.106526368856430054E+02    0.335844683647155762E+01
    0.996856047195270512E-34   -0.129028791957035137E+06    0.278685688972473145E-01    0.954504847526550293E+00   -0.108936136960983276E+02    0.268472170829772949E+01
    0.187043159975031662E-33   -0.129030090593258428E+06    0.703630208969116211E+00    0.823206961154937744E+00   -0.114260762929916382E+02    0.389335548877716064E+01
    0.254371454713611060E-33   -0.129030745505711675E+06    0.855672430497805170E+00    0.831105831141000340E+00   -0.111424252090323606E+02    0.301529481424269274E+00
    0.986079610999760296E-33   -0.129033495388659416E+06    0.396531701087951660E+00    0.199615836143493652E+00   -0.107285875082015991E+02    0.241700220108032227E+01
    0.348467952280776773E-32   -0.129036060177193853E+06    0.976781845092773438E+00    0.860716462135314941E+00   -0.112004446983337402E+02    0.209528732299804688E+01
    0.733033752302401419E-32   -0.129037587468155209E+06    0.633343101304270184E+00    0.857013428232110686E+00   -0.113395358316232535E+02    0.162737096425188077E+01
    0.100903825525804642E-31   -0.129038266590527288E+06    0.840457081794738770E+00    0.830262005329132080E+00   -0.108699887990951538E+02    0.449762499332427979E+01
    0.121332216368420390E-31   -0.129038675319592294E+06    0.297475218772888184E+00    0.234277188777923584E+00   -0.108251732587814331E+02    0.173822271823883057E+01
    0.122358763818751390E-30   -0.129043337339864753E+06    0.689228177070617676E+00    0.833670020103454590E+00   -0.106394934654235840E+02    0.247757828235626221E+01
    0.412683685485842950E-30   -0.129045808787841539E+06    0.388054549694061279E+00    0.184266090393066406E+00   -0.113139599561691284E+02    0.387881541252136230E+01
    0.427753236079097125E-30   -0.129045920517988125E+06    0.866361290979060117E+00    0.781557660921164521E+00   -0.109537923090356468E+02    0.335487822690499993E+01
    0.224504338966934650E-29   -0.129049276385286401E+06    0.267971764535647639E+00    0.201395251372045114E+00   -0.113581793637153954E+02    0.375721158869586702E+01
    0.332703796318385798E-28   -0.129054708270591102E+06    0.722218096256256104E+00    0.859008133411407471E+00   -0.113254576921463013E+02    0.305447208881378174E+01
    0.970541876777978221E-28   -0.129056889474506650E+06    0.936980426311492920E+00    0.832341611385345459E+00   -0.112116658687591553E+02    0.832224726676940918E+00
    0.290819267933821866E-26   -0.129063729509779558E+06    0.175412373216417838E+00    0.135143838179702075E+00   -0.114873042109961361E+02    0.284724053882203165E+01
    0.179973053362441026E-25   -0.129067414890234155E+06    0.937025427818298340E+00    0.861511766910552979E+00   -0.114895725250244141E+02    0.249737405776977539E+01
    0.212040398849519797E-25   -0.129067782829596137E+06    0.256629379935021495E+00    0.211027738014566008E+00   -0.107838129984809523E+02    0.314875428046474992E+01
    0.635329689999506514E-25   -0.129070017564083886E+06    0.217520298710787319E+00    0.214317196777552149E+00   -0.110099103522486494E+02    0.268026355525370885E+01
    0.812932238649782138E-25   -0.129070550571479427E+06    0.779479412676918004E+00    0.771168721110193411E+00   -0.108982997545301803E+02    0.159984257681790787E+01
    0.146748341718697804E-24   -0.129071771884465066E+06    0.590158409779986459E+00    0.948590874616925261E+00   -0.112864908081285282E+02    0.659521696414904657E+00
    0.499122969645779292E-24   -0.129074260151142953E+06    0.922884941101074219E+00    0.878982663154602051E+00   -0.114311379194259644E+02    0.189880979061126709E+01
    0.348840880993567824E-23   -0.129078188848113554E+06    0.649051725864410400E+00    0.841931343078613281E+00   -0.110508924722671509E+02    0.234500992298126221E+01
    0.115126002451397603E-22   -0.129080616840923918E+06    0.250125110149383545E+00    0.196591258049011230E+00   -0.110715830326080322E+02    0.640791177749633789E+00
    0.159382422932951237E-22   -0.129081307399500030E+06    0.697688894529762682E+00    0.799724773770273845E+00   -0.109674430134314385E+02    0.236144090953821095E+01
    0.311127483330716742E-22   -0.129082685192004705E+06    0.310291658189254638E+00    0.159327278682803275E+00   -0.109555411612933096E+02    0.335584391564759121E+01
    0.512969957880772274E-22   -0.129083725221083485E+06    0.872247278690338135E+00    0.778960645198822021E+00   -0.112674260139465332E+02    0.165721571445465088E+01
    0.693832511501568885E-22   -0.129084369247706811E+06    0.962502837181091309E+00    0.904099464416503906E+00   -0.113432168960571289E+02    0.304866671562194824E+01
    0.795119152374851859E-22   -0.129084681770481082E+06    0.588305398722122952E+00    0.950593767459354644E+00   -0.111603582966190924E+02    0.382256584192773019E+01
    0.814854620809027987E-22   -0.129084770805955748E+06    0.205498698956265546E+00    0.181194392649865699E+00   -0.110681545049967269E+02    0.348270668162125707E+01
    0.275349541847374131E-21   -0.129087246039409452E+06    0.615258598621333808E+00    0.904273730315937385E+00   -0.108958881199724313E+02    0.327684365046592330E+01
    0.457058440339891672E-21   -0.129088299579227678E+06    0.851716244704037395E+00    0.823957228193683777E+00   -0.109508027009206028E+02    0.383777598802542474E+01
    0.760623443988392515E-20   -0.129093963403727888E+06    0.178005635738372803E+00    0.130273878574371338E+00   -0.110621082782745361E+02    0.363525080680847168E+01
    0.524355722790153608E-18   -0.129102469807892368E+06    0.245988368988037109E-03    0.950427234172821045E+00   -0.109754478931427002E+02    0.203156805038452148E+01
    0.873325497150898724E-18   -0.129103530083934427E+06    0.776922146416405668E+00    0.790335381791420932E+00   -0.113498897946260442E+02    0.232176550352487965E+01
    0.154380059408434632E-17   -0.129104709472410454E+06    0.680361628532409668E+00    0.839607834815979004E+00   -0.112634098529815674E+02    0.290567958354949951E+01
    0.168627959728593990E-17   -0.129104926027182795E+06    0.808554530143737793E+00    0.794189274311065674E+00   -0.113718777894973755E+02    0.136612236499786377E+01
    0.189365458558944574E-17   -0.129105197995032067E+06    0.364315781091843038E+00    0.157364022571486017E+00   -0.108748043750317791E+02    0.117433374571249649E+01
    0.260824265268367631E-17   -0.129105878331184576E+06    0.161705493927001953E+00    0.156060159206390381E+00   -0.109857594966888428E+02    0.267505037784576416E+01
    0.876189319897686817E-17   -0.129108341801822156E+06    0.201531722473310693E+00    0.197475414681793054E+00   -0.110187286397242907E+02    0.176151308652391303E+01
    0.105770781775573261E-16   -0.129108758356268954E+06    0.122162138798972711E+00    0.986793459200615841E-01   -0.109079964893168739E+02    0.128958507463384753E+01
    0.421278892502050130E-16   -0.129111562397769478E+06    0.360578697089093014E+00    0.166046529484791344E+00   -0.109638137658068242E+02    0.340324057091287280E+01
    0.517262962905841074E-16   -0.129112012910390797E+06    0.403072382314620725E+00    0.126063313157588480E+00   -0.111854426461832155E+02    0.223331635608951595E+01
    0.723357777018189239E-16   -0.129112723615536583E+06    0.828932236956698376E+00    0.825596237298285240E+00   -0.109330088378497496E+02    0.338134401574038845E+01
    0.131449329256913901E-15   -0.129113958220718778E+06    0.454957972532736177E+00    0.108355987246468041E+00   -0.109613760644641225E+02    0.337470490983493665E+01
    0.129275886457385126E-15   -0.129113964875372563E+06    0.199748873710632324E+00    0.178152620792388916E+00   -0.112719088792800903E+02    0.106587374210357666E+01
    0.140178790750742765E-15   -0.129114166815191013E+06    0.444374263286590576E+00    0.122297465801239014E+00   -0.107615768909454346E+02    0.268644368648529053E+01
    0.158796664191748865E-15   -0.129114456226906244E+06    0.935838060882933975E+00    0.839716014688628887E+00   -0.109510017923768128E+02    0.231039051175703447E+01
    0.260664411061735509E-15   -0.129115487445418999E+06    0.923945509519276537E-01    0.586824732568513308E-01   -0.113382149931755247E+02    0.250173606436085993E+01
    0.356489865479663496E-15   -0.129116153589445006E+06    0.433804793254810583E+00    0.170834271803180504E+00   -0.111166218445386917E+02    0.178440863966086538E+01
    0.539420625958430287E-15   -0.129117021969119116E+06    0.754016284807309756E+00    0.802036871345129132E+00   -0.110496690382138425E+02    0.309522064133668939E+01
    0.655498525494696124E-15   -0.129117451769929292E+06    0.276854599026328085E+00    0.145975516782076736E+00   -0.110977306916792369E+02    0.174478756503469157E+01
    0.204497764954224372E-14   -0.129119767262099951E+06    0.867686792205592639E+00    0.837810760970337687E+00   -0.107774839821347523E+02    0.255418082939478985E+01
    0.248859307690352996E-13   -0.129124805093608564E+06    0.305899144184310967E+00    0.189510520379682412E+00   -0.113883888578110017E+02    0.198687613626974180E+01
    0.657119796430694974E-13   -0.129126787050874569E+06    0.399152476740241458E+00    0.168713453475962394E+00   -0.109645252397134847E+02    0.303084324177266717E+01
    0.137984340651861550E-12   -0.129128310768790077E+06    0.537036600046693513E+00    0.160991354904135957E-01   -0.108928343383720154E+02    0.230541400147662223E+01
    0.171324535472255752E-12   -0.129128783607631893E+06    0.647513866424560547E+00    0.874054968357086182E+00   -0.112163513898849487E+02    0.274023556709289551E+01
    0.269657223116435072E-12   -0.129129730791596579E+06    0.443742840389734439E+00    0.137974076039156957E+00   -0.108946463995612568E+02    0.261569605312529241E+01
    0.294159384777724098E-12   -0.129129944731870797E+06    0.846811473369598389E+00    0.797642230987548828E+00   -0.109158039093017578E+02    0.238552129268646240E+01
    0.341264097299381463E-12   -0.129130281801692545E+06    0.856097936630249023E+00    0.800458788871765137E+00   -0.113102376461029053E+02    0.199628126621246338E+01
    0.370970079386836235E-12   -0.129130488731201316E+06    0.728666901588439941E+00    0.815625607967376709E+00   -0.112819963693618774E+02    0.109405732154846191E+01
    0.704611084606954776E-12   -0.129131811780374832E+06    0.119257152080535889E+00    0.995403528213500977E-01   -0.110213309526443481E+02    0.259456372261047363E+01
    0.967496737310259795E-12   -0.129132485912484932E+06    0.860584178419765200E+00    0.841912711455873874E+00   -0.111331976231009442E+02    0.801562199285693944E+00
    0.111133432628330220E-11   -0.129132803121715959E+06    0.830177686595901632E+00    0.851078680759445372E+00   -0.110677460430270020E+02    0.131071951004794540E+01
    0.159360222063174589E-11   -0.129133563992940311E+06    0.898518323898315430E+00    0.822474598884582520E+00   -0.109675467014312744E+02    0.260792434215545654E+01
    0.237833452847364099E-11   -0.129134404799867232E+06    0.679421642568358020E+00    0.849634998686686238E+00   -0.112430744258845152E+02    0.974544095794461551E+00
    0.275694599094776027E-11   -0.129134740246021800E+06    0.255863591785712663E+00    0.182355291697586741E+00   -0.108876223746494958E+02    0.153193218908286966E+01
    0.436910114071292892E-11   -0.129135701113536343E+06    0.187904934860820515E-01    0.947385821841676079E+00   -0.111061155954609170E+02    0.146522613779027622E+01
    0.547915847140459543E-11   -0.129136193901988794E+06    0.271137880809489695E+00    0.164893725855187273E+00   -0.109293234337408514E+02    0.271922047238915665E+01
    0.762386415946124637E-11   -0.129136894565635084E+06    0.817003789881517228E+00    0.824622927014897367E+00   -0.110238874880324786E+02    0.299790611257315431E+01
    0.110980393493988690E-10   -0.129137685535852739E+06    0.193529129028320312E-01    0.960420787334442139E+00   -0.113512629270553589E+02    0.149698805809020996E+01
    0.190514002092635459E-10   -0.129138806280139019E+06    0.574948067745302049E+00    0.972637768344741582E+00   -0.113212963833191562E+02    0.142769497470059914E+01
    0.409847517940369649E-10   -0.129140378399117821E+06    0.941257953643798828E+00    0.870711684226989746E+00   -0.109391272068023682E+02    0.286795091629028320E+01
    0.499533198009337412E-10   -0.129140814176868415E+06    0.138324570641015998E+00    0.118489360967245105E+00   -0.110173873417407329E+02    0.126257707525746721E+01
    0.529784142359573569E-10   -0.129140971768041738E+06    0.343695005701325162E+00    0.190166038340133597E+00   -0.112157467044995620E+02    0.976155437571279982E+00
    0.536750939007383208E-10   -0.129141037897124072E+06    0.723712018394660817E+00    0.813820862752818064E+00   -0.110974742375799238E+02    0.107213347102828060E+01
    0.627177190106166815E-10   -0.129141389286952821E+06    0.852475616678920689E+00    0.834145466747370112E+00   -0.108508000788215178E+02    0.207044893346292014E+01
    0.124783128596790007E-09   -0.129142805153456226E+06    0.693124250124623975E+00    0.874000301635876498E+00   -0.109800168936073721E+02    0.150365332335416846E+01
    0.151251992406527380E-09   -0.129143229893477197E+06    0.467414313039685114E+00    0.104551596225720717E+00   -0.111667531205892114E+02    0.276495030927049257E+01
    0.183313849824293730E-09   -0.129143654398358136E+06    0.799622348596361610E+00    0.821132320330328569E+00   -0.109102764304827140E+02    0.145240993740227209E+01
    0.241540246655695551E-09   -0.129144246071161731E+06    0.686652388681969539E+00    0.860152660606418595E+00   -0.109447190551488234E+02    0.282175737765744472E+01
    0.284833509410105927E-09   -0.129144615808601811E+06    0.350443601608276367E+00    0.174934267997741699E+00   -0.112036514282226562E+02    0.905530571937561035E+00
    0.329963621923974037E-09   -0.129144949963761261E+06    0.471125245094299316E+00    0.107535779476165771E+00   -0.110228645801544189E+02    0.265269684791564941E+01
    0.337934760849856991E-09   -0.129145037704660921E+06    0.779113113880157471E+00    0.833503305912017822E+00   -0.111466336250305176E+02    0.256972432136535645E+01
    0.335610752195344608E-09   -0.129145063902963288E+06    0.914814206703881583E+00    0.837094589528693644E+00   -0.109504115604803918E+02    0.171533651396745856E+01
    0.477338466303289038E-09   -0.129145808450562123E+06    0.882453835342435156E+00    0.839788430690818322E+00   -0.110166144499728311E+02    0.286592677304885868E+01
    0.813674843156361877E-09   -0.129146915120598918E+06    0.129687618749158740E+00    0.893111993860730147E-01   -0.111226951727979380E+02    0.878664776876283082E+00
    0.900720474438154644E-09   -0.129147158388878132E+06    0.960759520530700684E+00    0.886187374591827393E+00   -0.112355577945709229E+02    0.247377133369445801E+01
    0.203378296335583694E-08   -0.129148827304670820E+06    0.720394124679249792E+00    0.848011748460771431E+00   -0.113171415192188807E+02    0.158004273746329682E+01
    0.304496467446089252E-08   -0.129149674488095508E+06    0.602960280315890551E+00    0.944026235817854942E+00   -0.110148800738192350E+02    0.229188596414751800E+01
    0.321243499447425089E-08   -0.129149821567925319E+06    0.237947809554280076E+00    0.188346322912312958E+00   -0.110716989500655494E+02    0.256764906097065770E+01
    0.471824251881108389E-08   -0.129150630382260744E+06    0.706249832254871146E+00    0.821697264650842363E+00   -0.111447336805388559E+02    0.231428106172785020E+01
    0.524237470095333663E-08   -0.129150881058661413E+06    0.750030748636514866E+00    0.794553167861194565E+00   -0.111325040598514100E+02    0.147977063220898009E+01
    0.680255690281098717E-08   -0.129151442106608898E+06    0.475880086421966553E+00    0.927636027336120605E-01   -0.108906507492065430E+02    0.229751014709472656E+01
    0.916481723955939429E-08   -0.129152078253375570E+06    0.942816666890432087E+00    0.894426408871729639E+00   -0.111846854800586559E+02    0.190741596770218802E+01
    0.110240709217204752E-07   -0.129152487671790936E+06    0.881845765673313409E+00    0.833587409679500513E+00   -0.113269452811912554E+02    0.157937769737649614E+01
    0.110796512972847055E-07   -0.129152537729914562E+06    0.282512724399566650E+00    0.191271960735321045E+00   -0.111814022064208984E+02    0.253933346271514893E+01
    0.137166976155770642E-07   -0.129153004737285155E+06    0.869766116142272949E+00    0.829977631568908691E+00   -0.109271126985549927E+02    0.256835603713989258E+01
    0.140095996708206455E-07   -0.129153086995066464E+06    0.670274496078491211E+00    0.851419806480407715E+00   -0.111893600225448608E+02    0.117220509052276611E+01
    0.147560784809665229E-07   -0.129153230819692253E+06    0.811070799827575684E-01    0.464310050010681152E-01   -0.111563563346862793E+02    0.187571132183074951E+01
    0.198262398020962365E-07   -0.129153861522101390E+06    0.670741859178325961E+00    0.864823392692079196E+00   -0.113233440108667835E+02    0.181869330773572946E+01
    0.203817146911928527E-07   -0.129153956785816117E+06    0.384174163042282746E+00    0.183949845203330076E+00   -0.110366748130798644E+02    0.144788257257680275E+01
    0.217242817617393368E-07   -0.129154124370715959E+06    0.698258471959291249E+00    0.864368879407980351E+00   -0.110846366451367544E+02    0.105861525938089485E+01
    0.231763426810529684E-07   -0.129154293773588419E+06    0.119152528249921397E+00    0.996614255027429424E-01   -0.110701789838900879E+02    0.165780727627549274E+01
    0.232667361915836435E-07   -0.129154341558914195E+06    0.770250543964443479E+00    0.792948524766176166E+00   -0.110914854036489903E+02    0.207520988676846541E+01
    0.300748042414382448E-07   -0.129154894885001297E+06    0.960722490971855581E+00    0.877851921668897250E+00   -0.112222363407142272E+02    0.133513136486189810E+01
    0.303521409667953040E-07   -0.129154953243610813E+06    0.956320625011004677E+00    0.889712665428059157E+00   -0.110277382933532557E+02    0.269904365368784704E+01
    0.322813335210642024E-07   -0.129155116487802865E+06    0.402995794738151336E+00    0.131921494291786512E+00   -0.110959323068916422E+02    0.119953686835394269E+01
    0.503830714305799291E-07   -0.129156046819964336E+06    0.795317131192684434E+00    0.807997809832543878E+00   -0.109208833386338817E+02    0.203985565794224311E+01
    0.531920757439800187E-07   -0.129156195328361791E+06    0.794564330261253948E+00    0.817204463008319282E+00   -0.110863192366481798E+02    0.267795647404232096E+01
    0.709200136392050723E-07   -0.129156810614842689E+06    0.950691755264079896E+00    0.893585082475230941E+00   -0.112030068913764040E+02    0.224791282450509300E+01
    0.870122626187208901E-07   -0.129157259607612374E+06    0.959635348269589183E+00    0.888369881851009069E+00   -0.110122607689099894E+02    0.261016825357529481E+01
    0.111138824775664119E-06   -0.129157789069682694E+06    0.863345593644944675E+00    0.846735965181326544E+00   -0.111010036085413262E+02    0.110343530512763977E+01
    0.127724161539238209E-06   -0.129158107255396884E+06    0.262434940095325364E+00    0.200283850991527346E+00   -0.110125809730056847E+02    0.179089440695843072E+01
    0.238155684828236648E-06   -0.129159393358691144E+06    0.315573543651155752E+00    0.167307055910133784E+00   -0.112307248007339524E+02    0.202621289377125713E+01
    0.285700883010946734E-06   -0.129159797400295502E+06    0.406638680252846385E+00    0.162415736594913068E+00   -0.110387801164298871E+02    0.242840171425463192E+01
    0.280232592697528080E-06   -0.129159798749388734E+06    0.810972547447415759E+00    0.818418434178846854E+00   -0.113083257565882285E+02    0.173402489047456831E+01
    0.308629514112631892E-06   -0.129160031792643829E+06    0.667360411497589401E+00    0.857217173186792025E+00   -0.110407616362203935E+02    0.236450240458065242E+01
    0.368574561600907989E-06   -0.129160426795554231E+06    0.690463308140236043E+00    0.865863023896166761E+00   -0.111874363827916152E+02    0.108239300830641971E+01
    0.452146881585175673E-06   -0.129160875523668248E+06    0.743596217120818026E+00    0.827160921894259604E+00   -0.112825029985930207E+02    0.203052163059820767E+01
    0.617547118327825939E-06   -0.129161539020236800E+06    0.779892635770633502E+00    0.842972633470258526E+00   -0.111272307789094640E+02    0.146762395339804286E+01
    0.735616895842770338E-06   -0.129161928928418158E+06    0.282134028154926941E+00    0.190732748727383328E+00   -0.109490035589248933E+02    0.186813029863944480E+01
    0.797957004198497212E-06   -0.129162131618928746E+06    0.663517550236123466E+00    0.861864384462556865E+00   -0.110240887336755904E+02    0.142673627515904666E+01
    0.101886890196909045E-05   -0.129162660406238312E+06    0.636147212303710186E+00    0.909900310680864077E+00   -0.110168598830593645E+02    0.136325543913430902E+01
    0.116485991920097872E-05   -0.129162968221731135E+06    0.301732904869172591E+00    0.188233840618254239E+00   -0.109420850081773722E+02    0.214920021680287254E+01
    0.122171447992582077E-05   -0.129163103530420878E+06    0.748059158167227345E+00    0.830998843484597627E+00   -0.111182242380669329E+02    0.102779183887919801E+01
    0.121646148851987343E-05   -0.129163134912503883E+06    0.653675943250195179E+00    0.874960436424324084E+00   -0.112609579024694622E+02    0.133614802548421352E+01
    0.124706716705500452E-05   -0.129163224609109937E+06    0.491484336240795350E+00    0.790459829062534480E-01   -0.109696859142505918E+02    0.172942605619308654E+01
    0.136071195668313410E-05   -0.129163439036174270E+06    0.606660918297576068E+00    0.925928984164883895E+00   -0.109612865745384465E+02    0.211546866902908848E+01
    0.134193132512147706E-05   -0.129163451239781032E+06    0.501091252231544049E+00    0.732267929310664312E-01   -0.111777722520772578E+02    0.156503622200072434E+01
    0.178133419043988637E-05   -0.129164057745311060E+06    0.585059856725155369E+00    0.958259014645593155E+00   -0.112190929606209586E+02    0.224662278295738549E+01
    0.188180908017749092E-05   -0.129164207487235297E+06    0.618091898166519327E+00    0.919945440076838539E+00   -0.111257358324738895E+02    0.247604262914895656E+01
    0.209834994291062521E-05   -0.129164465322642413E+06    0.844742098630876348E+00    0.811543409468623689E+00   -0.112178459991487340E+02    0.122774651342838359E+01
    0.224153244563754382E-05   -0.129164637339572568E+06    0.808519523904984605E+00    0.800359729197361092E+00   -0.111928830771450230E+02    0.129546657994659276E+01
    0.221560710440282044E-05   -0.129164654072961028E+06    0.257566823210623408E+00    0.156136961752515763E+00   -0.110446422169107556E+02    0.151616382509971448E+01
    0.318436324601379926E-05   -0.129165419524746161E+06    0.122566480736278599E+00    0.977198763739278858E-01   -0.110226367637603317E+02    0.193789273594845812E+01
    0.432013503195083690E-05   -0.129166069593371940E+06    0.680396125171395694E+00    0.841046679363469774E+00   -0.111842228013985476E+02    0.166183031252375768E+01
    0.545454925756789779E-05   -0.129166575920026895E+06    0.763653218746185303E+00    0.827003300189971924E+00   -0.112731397151947021E+02    0.184871792793273926E+01
    0.661931732419694876E-05   -0.129167003004536411E+06    0.446243694374085509E+00    0.134237049722517932E+00   -0.112187874620162269E+02    0.170638424283853962E+01
    0.820187866938007872E-05   -0.129167471746521711E+06    0.367229799307162208E+00    0.169406181803032574E+00   -0.110391263888653217E+02    0.123334085322237508E+01
    0.855900244859768096E-05   -0.129167596987347584E+06    0.957343389660365252E+00    0.894040913831221529E+00   -0.109977475843153982E+02    0.234016530740983164E+01
    0.976782410796479698E-05   -0.129167901207512972E+06    0.696645029161170437E+00    0.836675117391471268E+00   -0.112422418680349594E+02    0.180311739268908466E+01
    0.127469402038674754E-04   -0.129168473602571205E+06    0.347777874218226146E+00    0.192932256049887701E+00   -0.111447305363953539E+02    0.132362506555861148E+01
    0.132617201541091458E-04   -0.129168592783456392E+06    0.251448857313343765E+00    0.179894972532539832E+00   -0.109659868093499799E+02    0.178223545442493148E+01
    0.183132111447693889E-04   -0.129169278265493340E+06    0.386281437522602356E+00    0.166712860037303595E+00   -0.111290510557034388E+02    0.114544977813927695E+01
    0.190320122404112400E-04   -0.129169395264885912E+06    0.957409650944799906E+00    0.891130626674938364E+00   -0.110188978657747896E+02    0.236257932107171431E+01
    0.202350086674212816E-04   -0.129169557848466939E+06    0.749348242556376665E+00    0.812221305284565598E+00   -0.110102231343613806E+02    0.172517070852985555E+01
    0.207619129721053051E-04   -0.129169649260455757E+06    0.851069292929359622E+00    0.841552436510148993E+00   -0.111983267171670082E+02    0.173856956755871650E+01
    0.203521284238371174E-04   -0.129169649391048151E+06    0.332889336957883530E+00    0.163304597881275215E+00   -0.112110293949200113E+02    0.168213322617680716E+01
    0.232120040770898525E-04   -0.129169952359177565E+06    0.913523674011230469E+00    0.839383184909820557E+00   -0.111751866340637207E+02    0.139346802234649658E+01
    0.270652669776999904E-04   -0.129170299522542642E+06    0.770996396442971799E+00    0.836954723947443524E+00   -0.111508061186460203E+02    0.125226688325437330E+01
    0.323399122791092938E-04   -0.129170695624336993E+06    0.275004625267975977E+00    0.173540920036152374E+00   -0.112563806254076173E+02    0.143784484376710520E+01
    0.318342440939159652E-04   -0.129170704105190991E+06    0.357927890730495413E+00    0.182145091428100564E+00   -0.111703058839399496E+02    0.121249873347987025E+01
    0.350740387077912481E-04   -0.129170937942491306E+06    0.603006601333618164E+00    0.939719319343566895E+00   -0.109977865219116211E+02    0.212314689159393311E+01
    0.345225040842777635E-04   -0.129170946242860984E+06    0.404167582097857248E+00    0.139101369061126107E+00   -0.110355953915033886E+02    0.208225858032686340E+01
    0.455301537362060363E-04   -0.129171539769705472E+06    0.305721353882016933E+00    0.190558161317875924E+00   -0.111050538268405656E+02    0.227999401165151827E+01
    0.469523768879210934E-04   -0.129171641287714243E+06    0.520705878734588623E+00    0.399481654167175293E-01   -0.109896838665008545E+02    0.199050450325012207E+01
    0.485455884921471678E-04   -0.129171748026704328E+06    0.866644669357299668E+00    0.819189924629553312E+00   -0.111757900598899003E+02    0.211269844620511060E+01
    0.517567504088117331E-04   -0.129171916129786259E+06    0.308792718557534096E+00    0.175846562691930886E+00   -0.111551223942318671E+02    0.113463821133073273E+01
    0.581441455882472999E-04   -0.129172188870445883E+06    0.180662355322521090E+00    0.152215177207926766E+00   -0.111797697917863541E+02    0.197217734333660522E+01
    0.907669698208150909E-04   -0.129173119610955473E+06    0.241587239295505463E+00    0.155643321230200887E+00   -0.111820306325257857E+02    0.166028181204578362E+01
    0.920939382842626510E-04   -0.129173188638302454E+06    0.593078913776346806E+00    0.941366948201926901E+00   -0.112063465842302250E+02    0.153317867331915814E+01
    0.118990294499798501E-03   -0.129173741103915527E+06    0.693682654228478746E+00    0.866660731981109933E+00   -0.110962905338791344E+02    0.187616022533943938E+01
    0.149731292244381181E-03   -0.129174240704658834E+06    0.490119280854601658E+00    0.761482189876565851E-01   -0.110994056367973659E+02    0.226485278592445027E+01
    0.158202312602513673E-03   -0.129174390769400503E+06    0.310143427732628041E+00    0.180577551570268280E+00   -0.110354963519619016E+02    0.225069417579496456E+01
    0.156820568935321170E-03   -0.129174413224611111E+06    0.872172486290116011E+00    0.843956201030473863E+00   -0.110299238426760162E+02    0.147171509907706000E+01
    0.156646674008098876E-03   -0.129174451005623967E+06    0.375597291202247163E+00    0.162120154786678128E+00   -0.109913687523202395E+02    0.205727070485740482E+01
    0.206476360044170076E-03   -0.129175043391906904E+06    0.165343744426682288E+00    0.135489197524250593E+00   -0.111762363787982952E+02    0.204603351318771809E+01
    0.212882833872449022E-03   -0.129175144503930904E+06    0.917565865670022962E+00    0.858110667596457599E+00   -0.112530091946983575E+02    0.167688232727530151E+01
    0.217959110015340010E-03   -0.129175231635006523E+06    0.446602220578607434E+00    0.128608338992197757E+00   -0.112166227596633306E+02    0.157956853234152916E+01
    0.247570325909120237E-03   -0.129175526409427082E+06    0.396292663835767667E+00    0.170523124969223311E+00   -0.111450203479267298E+02    0.187573657828314744E+01
    0.256960984452126731E-03   -0.129175640868577408E+06    0.201155819400819197E+00    0.146840588808660466E+00   -0.111949628892768764E+02    0.200589175857301072E+01
    0.274856908418786346E-03   -0.129175815521312063E+06    0.151820919599605697E+00    0.109628653988828373E+00   -0.112154794859873004E+02    0.185943083066533776E+01
    0.275107175206794677E-03   -0.129175857341553143E+06    0.239107370376586914E+00    0.157075047492980957E+00   -0.110386216640472412E+02    0.180441999435424805E+01
    0.349808465716924290E-03   -0.129176377791581384E+06    0.155432910067665186E+00    0.119610368783638066E+00   -0.110003341948891293E+02    0.204359180118868711E+01
    0.444501198550307955E-03   -0.129176896925556313E+06    0.299644736569724457E+00    0.196542871917519929E+00   -0.110835606765956989E+02    0.158904542453762287E+01
    0.442292083626677902E-03   -0.129176926961026649E+06    0.368827731510625645E+00    0.164998931940206373E+00   -0.110150367587385389E+02    0.154320512654879938E+01
    0.562610705689908373E-03   -0.129177448195903271E+06    0.439355158185848360E+00    0.114667515795050093E+00   -0.111443658492843731E+02    0.182172546931603918E+01
    0.582464337801845292E-03   -0.129177557555975422E+06    0.901102298095433518E+00    0.861062968369692205E+00   -0.111488419765609343E+02    0.171409354553527926E+01
    0.634734085176715587E-03   -0.129177769432348985E+06    0.823811136998267135E+00    0.829960025073985141E+00   -0.110468505927234659E+02    0.200523153793183040E+01
    0.642398173739841495E-03   -0.129177833436693123E+06    0.940846613928591924E+00    0.875306036969518364E+00   -0.110249506578293985E+02    0.151987594369506196E+01
    0.633475893489166757E-03   -0.129177845463945894E+06    0.711387562283941954E+00    0.832896490979142978E+00   -0.110611197523536813E+02    0.149031493838439677E+01
    0.696495735600926300E-03   -0.129178075143394788E+06    0.241272524690894330E+00    0.176558201797776981E+00   -0.110395985446404072E+02    0.209119772554643957E+01
    0.774335525027285555E-03   -0.129178327030602668E+06    0.375446372443675902E+00    0.155914805865822848E+00   -0.110748419612903533E+02    0.137483549785109882E+01
    0.764007964885554517E-03   -0.129178340176482321E+06    0.809895793493465632E+00    0.807832876529436472E+00   -0.111968150833078433E+02    0.184284505429804790E+01
    0.768273060060084491E-03   -0.129178391310487423E+06    0.445439659409179622E+00    0.112496482643852896E+00   -0.110380985169137986E+02    0.190320662412591934E+01
    0.770338649275776341E-03   -0.129178436680498446E+06    0.713003576920641757E+00    0.826987777481553388E+00   -0.111315573294978769E+02    0.151841125903512886E+01
    0.760074628619893350E-03   -0.129178449853301630E+06    0.959755276416358827E+00    0.903303639804602709E+00   -0.110947625326102681E+02    0.172241969276046980E+01
    0.837674490139622848E-03   -0.129178684279230481E+06    0.251469157902449392E+00    0.173090744701208277E+00   -0.111610263278464323E+02    0.208581544568301425E+01
    0.842869766585750170E-03   -0.129178736644969671E+06    0.996260868128610144E+00    0.926216242535933376E+00   -0.110945039146209208E+02    0.193688652532526984E+01
    0.874352946250857408E-03   -0.129178849988299218E+06    0.131186458516327514E+00    0.946578459843513964E-01   -0.110041099601478969E+02    0.189896881667013595E+01
    0.110172009383903554E-02   -0.129179352275971847E+06    0.237202843678228831E+00    0.162194317259971466E+00   -0.112173180879733394E+02    0.159592292806705904E+01
    0.116589376877238591E-02   -0.129179505506564339E+06    0.779317408087640051E+00    0.828489877579488332E+00   -0.110353171885515113E+02    0.193821530550387466E+01
    0.119631895030490815E-02   -0.129179597029213241E+06    0.756990661144604893E+00    0.836977884620650259E+00   -0.110654387512778420E+02    0.156955490990658730E+01
    0.124723370262351941E-02   -0.129179720386733621E+06    0.335008217533460662E+00    0.167059394654594406E+00   -0.110752101711196822E+02    0.144382919190542980E+01
    0.124053231697218627E-02   -0.129179749611762338E+06    0.387610930481127047E+00    0.173497378509904654E+00   -0.111137468853401238E+02    0.165597205161951888E+01
    0.141517289794634285E-02   -0.129180053034037555E+06    0.405714986509563724E+00    0.148516776181585652E+00   -0.110720682752059716E+02    0.211758669071344752E+01
    0.149586986682435355E-02   -0.129180203946388283E+06    0.677620215685750593E+00    0.866794168093428130E+00   -0.111109634282063094E+02    0.127226226133437081E+01
    0.150836912978898996E-02   -0.129180260588652891E+06    0.873402706164194242E+00    0.843105744744033991E+00   -0.110805532010157286E+02    0.139779348102792822E+01
    0.150646238141963749E-02   -0.129180298058828441E+06    0.892141185680770943E+00    0.839323428773632751E+00   -0.112258951335904413E+02    0.167037125129454567E+01
    0.147813091258799977E-02   -0.129180300087397074E+06    0.883514113774544363E+00    0.843027540728276126E+00   -0.110902401342605543E+02    0.131443790505532609E+01
    0.146568770160809781E-02   -0.129180323179718020E+06    0.977963113576830412E+00    0.911798767269371924E+00   -0.110273038906854381E+02    0.198170807739317723E+01
    0.178539836106056502E-02   -0.129180757813735167E+06    0.906564054238418127E+00    0.859838629127930409E+00   -0.110886179288968183E+02    0.194428699867376142E+01
    0.182086287704944232E-02   -0.129180837151605578E+06    0.733806597462453580E+00    0.838995556055739722E+00   -0.110386390596059911E+02    0.191950532206005109E+01
    0.189105867165339191E-02   -0.129180952804243541E+06    0.858737707654640081E+00    0.836962359634947695E+00   -0.111999730916758224E+02    0.162026692916031068E+01
    0.191788348896663801E-02   -0.129181020975068590E+06    0.636574248732597492E+00    0.903606840856180038E+00   -0.112005060756724184E+02    0.179173091214064439E+01
    0.211412470987910146E-02   -0.129181255812367745E+06    0.358375928929673904E+00    0.174933434351429801E+00   -0.112170411756217412E+02    0.171746964930698853E+01
    0.237355238166656046E-02   -0.129181527306067859E+06    0.340887238571292384E+00    0.169922326194817286E+00   -0.111736227064674765E+02    0.186636485289631127E+01
    0.233287767501050248E-02   -0.129181532735729939E+06    0.352390793359962817E+00    0.181436891756220159E+00   -0.111154605741652404E+02    0.200819070121570542E+01
    0.236289552712961324E-02   -0.129181598306182103E+06    0.265210447632782897E+00    0.174908039430441531E+00   -0.110329007065288867E+02    0.159944677769718546E+01
    0.248642366413668161E-02   -0.129181740221408720E+06    0.393302369325524093E+00    0.160364513717780099E+00   -0.112149470791422434E+02    0.158873383866225204E+01
    0.268154679535299216E-02   -0.129181931318192524E+06    0.684167933992063437E+00    0.857933552459020810E+00   -0.111690363090906590E+02    0.131266770797059729E+01
    0.298905982424917550E-02   -0.129182188448407382E+06    0.974447079541620603E-01    0.598177359333929848E-01   -0.110400557344188854E+02    0.170138582281423978E+01
    0.303835495011323814E-02   -0.129182261163079820E+06    0.433953579726347294E+00    0.136061606036065347E+00   -0.110803156658667739E+02    0.192449846501414035E+01
    0.331496033439890661E-02   -0.129182475421927724E+06    0.490479207112770488E+00    0.788520971468985865E-01   -0.111828147251239844E+02    0.157193072329719241E+01
    0.342771487152880193E-02   -0.129182582318253466E+06    0.641114487184711312E+00    0.888854622056819976E+00   -0.110632254334464104E+02    0.183697106503059771E+01
    0.339765882467413325E-02   -0.129182604703838500E+06    0.203573691233701837E+00    0.154837423840274713E+00   -0.111347724508972163E+02    0.203217450723238091E+01
    0.353162800223523433E-02   -0.129182722048521711E+06    0.799553236531013067E+00    0.816693604874475843E+00   -0.110351318403506564E+02    0.169193652338862299E+01
    0.347193798442940911E-02   -0.129182727956481598E+06    0.825751719948762175E+00    0.824933315001052603E+00   -0.110766096162228216E+02    0.201411845568221537E+01
    0.350267926526650134E-02   -0.129182785586971586E+06    0.213408474849635321E+00    0.152668142758982828E+00   -0.110954662980643075E+02    0.196961789036944213E+01
    0.394914372434944805E-02   -0.129183065528165112E+06    0.812380802612480690E+00    0.809082806626673978E+00   -0.111545034850359581E+02    0.183409755768824301E+01
    0.416018726524768588E-02   -0.129183209650789460E+06    0.729309582032057979E+00    0.838557484502432948E+00   -0.110427434673973011E+02    0.186577923454528793E+01
    0.411934349346405534E-02   -0.129183229918220415E+06    0.415843587269832615E+00    0.137369647329425748E+00   -0.110538206542527391E+02    0.159905536514512092E+01
    0.415689092377784057E-02   -0.129183288065453089E+06    0.909136984479064991E+00    0.846208136532088484E+00   -0.110626262092489256E+02    0.181929418595162717E+01
    0.425353516810506559E-02   -0.129183374031494459E+06    0.915495043623897553E+00    0.851137864932956512E+00   -0.111437716946003587E+02    0.140556929806455999E+01
    0.418950485253009267E-02   -0.129183383695718236E+06    0.158027730346320366E+00    0.123224506777198678E+00   -0.111539454979051573E+02    0.135245178968732160E+01
    0.418448866544663279E-02   -0.129183421299639158E+06    0.566470566214893889E+00    0.980589926768078879E+00   -0.110694538352561374E+02    0.166969409563701499E+01
    0.414621531466005753E-02   -0.129183442922503120E+06    0.863703803080580701E+00    0.839609146899066294E+00   -0.111150480776434772E+02    0.143881046771100429E+01
    0.441664812898522312E-02   -0.129183609292744659E+06    0.235068144167317528E+00    0.165028009334048875E+00   -0.111383016216066242E+02    0.196255898554822350E+01
    0.433519193656956101E-02   -0.129183612062382133E+06    0.339438065730266747E+00    0.181560332082137260E+00   -0.111523345198897985E+02    0.138167158829755010E+01
    0.430390550737268923E-02   -0.129183637576347595E+06    0.935829582929352671E-01    0.566941046787429875E-01   -0.111266265729543896E+02    0.149922170734085203E+01
    0.435378557437853149E-02   -0.129183700622038858E+06    0.908827321060715065E+00    0.861945759615145191E+00   -0.111021945148076462E+02    0.175550796543492016E+01
    0.442360203680158392E-02   -0.129183772439220891E+06    0.302490857743505703E+00    0.192353482751373484E+00   -0.111438993333709906E+02    0.169253458551075409E+01
    0.460734233381013703E-02   -0.129183893832992602E+06    0.755618158672095808E+00    0.828310689617966833E+00   -0.110401940238701073E+02    0.170659775486326271E+01
    0.453452942360618727E-02   -0.129183901973237007E+06    0.749108520020125401E+00    0.831036922556825597E+00   -0.111641550348156073E+02    0.188864356523815458E+01
    0.447684405013703927E-02   -0.129183916367301747E+06    0.359425254369812042E+00    0.164838540560359126E+00   -0.111766440132797165E+02    0.173508355611008769E+01
    0.444808559950392746E-02   -0.129183943478214089E+06    0.256069407314079123E+00    0.166819070222656574E+00   -0.110850836711824101E+02    0.150307826210258000E+01
    0.448575062736060026E-02   -0.129184000342302505E+06    0.174377707980392566E+00    0.138659395471162850E+00   -0.111921956920001637E+02    0.172043159675808832E+01
    0.447394635868761294E-02   -0.129184035072358442E+06    0.934998737539545544E+00    0.871383812349815212E+00   -0.111608089588872783E+02    0.192695730025347634E+01
    0.440056219730701036E-02   -0.129184041995221327E+06    0.903102610379408866E+00    0.840388467652330995E+00   -0.111653426610884043E+02    0.171200561062475143E+01
    0.452902570997851771E-02   -0.129184139544294187E+06    0.388237256578605083E+00    0.168780509358191166E+00   -0.111536528226922869E+02    0.165206911696664971E+01
    0.444565106352755573E-02   -0.129184142383270024E+06    0.653692578835907034E+00    0.890245395850640220E+00   -0.110734114576382598E+02    0.165309223526058657E+01
    0.444132744073624363E-02   -0.129184180437221381E+06    0.748150970565820805E+00    0.816879821129476102E+00   -0.111385757047116236E+02    0.179925104170751915E+01
    0.450797445723305403E-02   -0.129184250226471704E+06    0.354697274599408086E+00    0.174426700086641351E+00   -0.112025081353924598E+02    0.161605383780126632E+01
    0.485124332166457246E-02   -0.129184437000665726E+06    0.338688632357101671E+00    0.183378262184598101E+00   -0.110667015343880752E+02    0.170079560810474839E+01
    0.476355069571124043E-02   -0.129184440517280862E+06    0.278466258093460317E+00    0.174021190167897466E+00   -0.111746110412752895E+02    0.143927277581628887E+01
    0.473713516925172457E-02   -0.129184469395728200E+06    0.390550940395623658E+00    0.159644738548897130E+00   -0.111981905705100129E+02    0.155408792889923575E+01
    0.470130419218482525E-02   -0.129184494210527424E+06    0.327406506856758539E+00    0.173012669202152553E+00   -0.110786711748190552E+02    0.149758816615044354E+01
    0.462923985543064933E-02   -0.129184503315964626E+06    0.359045057064566853E+00    0.164853449560828480E+00   -0.110641269197194188E+02    0.177104686218088725E+01
    0.471169030413950973E-02   -0.129184578624050104E+06    0.996255324296813627E+00    0.932443262364317293E+00   -0.111951532472590998E+02    0.157093797173942828E+01
    0.467228931252697873E-02   -0.129184601828948333E+06    0.123277386298976277E+00    0.906958701543039564E-01   -0.111044080854021221E+02    0.192364360491207309E+01
    0.460913157202261919E-02   -0.129184614609531767E+06    0.405064288671951100E+00    0.144038748723506749E+00   -0.111667682845640055E+02    0.175942113095936215E+01
    0.455703045477606327E-02   -0.129184631873002247E+06    0.677736862088352376E+00    0.859228663186259012E+00   -0.111047680650033378E+02    0.144536964440256943E+01
    0.473453602378195223E-02   -0.129184748298077960E+06    0.593098276955036696E+00    0.950092258324288896E+00   -0.110650021607415567E+02    0.173564786243445912E+01
    0.474700038294729836E-02   -0.129184793556452059E+06    0.109239052224531175E+00    0.680723545484267778E-01   -0.111398992678229760E+02    0.139479209433654328E+01
    0.487536660744016404E-02   -0.129184886921217869E+06    0.821677223280835145E+00    0.818034577680880060E+00   -0.110921152494487689E+02    0.144074128243310917E+01
    0.497604326485907942E-02   -0.129184967800711791E+06    0.375305124858020034E+00    0.163257442263932406E+00   -0.110678458638530035E+02    0.153506249479651879E+01
    0.489800720060933927E-02   -0.129184976187468856E+06    0.650748657409090714E+00    0.889652654869187987E+00   -0.110548148560066082E+02    0.179575673804814961E+01
    0.484973135121848694E-02   -0.129184996377235409E+06    0.269936648629253317E+00    0.179812116052998905E+00   -0.111901652030134517E+02    0.149357199671251761E+01
    0.487439813112323841E-02   -0.129185046523884666E+06    0.797655231429563960E+00    0.814116824599472988E+00   -0.110650795846110732E+02    0.184074263340783517E+01
    0.478601572811907221E-02   -0.129185049927163083E+06    0.792849822986747776E+00    0.827570611500574427E+00   -0.111520596425270746E+02    0.147583513837002944E+01
    0.489226910654830174E-02   -0.129185133843063231E+06    0.200950543485414607E+00    0.155974642130770585E+00   -0.110862605304798567E+02    0.191794462256416964E+01
    0.503384497246226175E-02   -0.129185230898811860E+06    0.963816856308508663E+00    0.897955489914350480E+00   -0.111703554058459922E+02    0.141913530179186664E+01
    0.521527394502522331E-02   -0.129185341713846137E+06    0.684082626887460910E+00    0.861601891884821947E+00   -0.111607436786919951E+02    0.187179656813175743E+01
    0.511684189668312750E-02   -0.129185343605474947E+06    0.479293436114725746E+00    0.875671977547863301E-01   -0.111384418145304505E+02    0.189871428720702951E+01
    0.509165407904245502E-02   -0.129185373736099951E+06    0.726344004407267430E+00    0.839146039656729736E+00   -0.110576872883328452E+02    0.181216062017750579E+01
    0.505102899084024573E-02   -0.129185397714577761E+06    0.756895082895528204E+00    0.831081321227862824E+00   -0.111277012374302728E+02    0.141784633306650187E+01
    0.498424237802885719E-02   -0.129185411093434639E+06    0.113586605062446527E+00    0.736633385593915557E-01   -0.110950385613565246E+02    0.143910666516973573E+01
    0.492442416303722885E-02   -0.129185426945304731E+06    0.776479475215739734E-01    0.316390517207719921E-01   -0.110884824425499637E+02    0.167828404699631006E+01
    0.509212627276007211E-02   -0.129185533921568873E+06    0.345897025334108488E+00    0.176161379129287865E+00   -0.110617028265412163E+02    0.184049890184710119E+01
    0.501963008587934332E-02   -0.129185545243097411E+06    0.172615610032982147E+00    0.130297814053824929E+00   -0.110950932934540596E+02    0.193706932904682128E+01
    0.499547864205626344E-02   -0.129185575597075062E+06    0.304624175530432639E+00    0.185821891824328289E+00   -0.110686851426435044E+02    0.174939047225401589E+01
    0.516135513370416348E-02   -0.129185680928947229E+06    0.394553655509345291E+00    0.153842829757352417E+00   -0.111759943679008966E+02    0.176412968844060858E+01
    0.511928040140037684E-02   -0.129185704558376718E+06    0.616020680088501860E+00    0.924700181070806093E+00   -0.110746021449494361E+02    0.176367561408169138E+01
    0.518748617225719619E-02   -0.129185771029051510E+06    0.927249072294415333E+00    0.869083648992584834E+00   -0.111620058143369434E+02    0.180186699018169350E+01
    0.540914309555741608E-02   -0.129185894711986824E+06    0.721498153621467075E+00    0.838219687297921068E+00   -0.111750047120560883E+02    0.143988573272820508E+01
    0.535016732406287578E-02   -0.129185912786283472E+06    0.110835143932211486E+00    0.775366900008326310E-01   -0.111113713291819458E+02    0.172103229446121997E+01
    0.634409053288921814E-02   -0.129186293578121302E+06    0.309534250167631919E+00    0.172609153882584826E+00   -0.111107995642962756E+02    0.168500554827178384E+01
    0.624489066473054091E-02   -0.129186302057883120E+06    0.123134272102993547E+00    0.877070488290652983E-01   -0.110935417412312454E+02    0.147938850685116496E+01
    0.637010015589774617E-02   -0.129186381760996621E+06    0.185882160852843648E+00    0.143944768542146384E+00   -0.110825075470812564E+02    0.153949931792168182E+01
    0.647834928597909154E-02   -0.129186455462087761E+06    0.695358583563284172E+00    0.848714804060123340E+00   -0.111794551720951691E+02    0.152827010273350106E+01
    0.637946267833570946E-02   -0.129186464698359807E+06    0.728765506982514411E+00    0.836460504690674789E+00   -0.111785566828960228E+02    0.173125271592795826E+01
    0.625343770542443125E-02   -0.129186464793302381E+06    0.163437968007753620E+00    0.121304689940669314E+00   -0.111456995077836556E+02    0.143448170660855734E+01
    0.626997439125760812E-02   -0.129186510075152197E+06    0.236502379675989360E+00    0.171878409475596156E+00   -0.111439023050280621E+02    0.185986670998426940E+01
    0.617397958145698717E-02   -0.129186519217849360E+06    0.443537124383451609E+00    0.121345712758936741E+00   -0.111670276852016954E+02    0.148581780978468769E+01
    0.609343462931486238E-02   -0.129186532954414142E+06    0.829490571797059872E+00    0.815597924130043617E+00   -0.111318885902803828E+02    0.149394771579969721E+01
    0.605592763143578128E-02   -0.129186560605743914E+06    0.621237777072055408E+00    0.911375776022746220E+00   -0.110988515973016373E+02    0.162773583448292269E+01
    0.599928118305083878E-02   -0.129186581809930023E+06    0.102692651768578058E+00    0.619083725570135288E-01   -0.110685324940059253E+02    0.164034798351387545E+01
    0.588439323943384506E-02   -0.129186583137876572E+06    0.375831965089558850E+00    0.168675828745758288E+00   -0.110793671095784418E+02    0.166697053856935251E+01
    0.605138837989211646E-02   -0.129186679106071562E+06    0.926205385433525735E-01    0.532469182259604837E-01   -0.111491648957387675E+02    0.182791291839409054E+01
    0.602672330687814128E-02   -0.129186710937540614E+06    0.765697672193920820E+00    0.819211923878308768E+00   -0.111744869953974408E+02    0.152494010462283036E+01
    0.591485045797400522E-02   -0.129186713463042135E+06    0.743869943081328477E+00    0.825606923772801760E+00   -0.111283716534377177E+02    0.189328132910378333E+01
    0.591684905856339292E-02   -0.129186754138718738E+06    0.328610580775341998E+00    0.184352745092916215E+00   -0.111119523229128312E+02    0.182195248483673122E+01
    0.596368293037441519E-02   -0.129186809907074712E+06    0.344021471645340471E+00    0.168489054031829982E+00   -0.111379854491605563E+02    0.163645596168070107E+01
    0.585546820179399206E-02   -0.129186813282531570E+06    0.843609838344695717E+00    0.831204096770689849E+00   -0.110948386650470336E+02    0.160373521761466042E+01
    0.586094862045101299E-02   -0.129186855153553799E+06    0.231203224956972486E+00    0.167378072665753774E+00   -0.111138675575314139E+02    0.145097272226717688E+01
    0.587350977221115858E-02   -0.129186899435355692E+06    0.778479197622155450E+00    0.819956085948022162E+00   -0.111623146956529684E+02    0.145409977817407499E+01
    0.582212871584932186E-02   -0.129186921862518793E+06    0.785942820862450264E+00    0.818250981260710608E+00   -0.110688419671926468E+02    0.177134232299813288E+01
    0.581838843045045812E-02   -0.129186960577254402E+06    0.953062265066490166E+00    0.889843602384926990E+00   -0.111008192231021638E+02    0.184243461047817458E+01
    0.574992428294089641E-02   -0.129186976903984658E+06    0.316289763724457051E+00    0.178715374318536430E+00   -0.111010142179698903E+02    0.148531326922953144E+01
    0.563753117693900109E-02   -0.129186977423081757E+06    0.645446829970909741E+00    0.891996343460494945E+00   -0.110712496305531296E+02    0.160944317747061394E+01
    0.567666148069123893E-02   -0.129187031257196475E+06    0.780487296857097612E+00    0.816400332865539813E+00   -0.111649148432929071E+02    0.151395098357059310E+01
    0.557214398160390308E-02   -0.129187034090403147E+06    0.788765531629053829E+00    0.812899531482931148E+00   -0.111438253620486201E+02    0.175790068378646946E+01
    0.548175544637451596E-02   -0.129187041381384755E+06    0.663689506023848796E+00    0.877959080529958524E+00   -0.111683934035696435E+02    0.150728486400635009E+01
    0.555987164839967778E-02   -0.129187109680657930E+06    0.292291831914817946E+00    0.183775605379961821E+00   -0.110973331674890847E+02    0.154251121297975802E+01
    0.565063221563376957E-02   -0.129187182065482513E+06    0.797317513277057022E+00    0.824995138769782255E+00   -0.111478230808925947E+02    0.150655886057181321E+01
    0.560799369096520554E-02   -0.129187206916661031E+06    0.919113490497283081E+00    0.863949659161917793E+00   -0.111531374720813208E+02    0.150513383780928844E+01
    0.553054727107251624E-02   -0.129187219104160904E+06    0.365326002550574624E+00    0.166372345153718904E+00   -0.110965515792764275E+02    0.182697174372396409E+01
    0.543072268818125224E-02   -0.129187222675045254E+06    0.146516840502430801E+00    0.111131358493819471E+00   -0.110722220564385125E+02    0.167846909035883507E+01
    0.535634361680974776E-02   -0.129187235093774099E+06    0.635317850731452638E+00    0.902688145604420566E+00   -0.111001035685334113E+02    0.186857017280522797E+01
    0.526914825998743910E-02   -0.129187242268069560E+06    0.899022263538538646E-01    0.498040220832433878E-01   -0.110803995006423381E+02    0.170746799455030795E+01
    0.529863341293599667E-02   -0.129187293428492965E+06    0.578204791339996582E+00    0.966307598206406104E+00   -0.110812600789644566E+02    0.172260740986995509E+01
    0.520052439446240002E-02   -0.129187296049542754E+06    0.659554213087044428E+00    0.880222366399801670E+00   -0.110989716910697069E+02    0.149106095381615256E+01
    0.510934788689364205E-02   -0.129187300674173544E+06    0.790639425332198886E+00    0.812264249941326844E+00   -0.111369367102222121E+02    0.170763291258274741E+01
    0.501424954538573324E-02   -0.129187303098148011E+06    0.900602184591089205E+00    0.849260502429359576E+00   -0.110819914883039150E+02    0.157371001060731519E+01
    0.503935519878472970E-02   -0.129187353086885880E+06    0.143540543976643065E+00    0.109592291891567217E+00   -0.111468227976082250E+02    0.181050306508041192E+01
    0.514831577238527346E-02   -0.129187435869864974E+06    0.845929110742394075E+00    0.829711729789625818E+00   -0.110834380363932041E+02    0.167198671775716545E+01
    0.506042358244793589E-02   -0.129187441430995066E+06    0.458583017919929392E+00    0.111118579141216589E+00   -0.111110364652578149E+02    0.166581288001339889E+01
    0.503962184644479727E-02   -0.129187473192709178E+06    0.782112192405589823E+00    0.819947901024134618E+00   -0.110741751271506210E+02    0.177383817051096515E+01
    0.524309053745833451E-02   -0.129187592352854961E+06    0.312772705894306724E+00    0.184461825521328893E+00   -0.111626844018378790E+02    0.166625814434850206E+01
    0.514218401498450686E-02   -0.129187593486401296E+06    0.666357823433919028E+00    0.868148172619571112E+00   -0.111573274334630970E+02    0.159639703128997512E+01
    0.510727682187078931E-02   -0.129187619863312764E+06    0.431574326355068205E+00    0.128380810872260748E+00   -0.111411701326550467E+02    0.150467996453905961E+01
    0.510501000505945643E-02   -0.129187658975434519E+06    0.163540203131881001E+00    0.126913843196354847E+00   -0.111296150001329472E+02    0.147907696392629928E+01
    0.500865292893916056E-02   -0.129187660864616540E+06    0.632946006159008201E+00    0.899817731198114257E+00   -0.111525952897379899E+02    0.174218855501186987E+01
    0.493466565091073197E-02   -0.129187671100451611E+06    0.712556754027807271E+00    0.836842055006860153E+00   -0.111498437562385870E+02    0.156158423383952449E+01
    0.486828201900460934E-02   -0.129187684012824946E+06    0.881492392526327162E+00    0.839381833480433048E+00   -0.111266429998696150E+02    0.183865221592084116E+01
    0.485857497405216884E-02   -0.129187720020970984E+06    0.298090866406877097E+00    0.178034378354930717E+00   -0.111070318450528340E+02    0.181388899051538788E+01
    0.476724474936341194E-02   -0.129187722067646246E+06    0.831604528085620354E+00    0.819383528551009377E+00   -0.111338619887479773E+02    0.183419662303808906E+01
    0.468004759270237124E-02   -0.129187725147170087E+06    0.824548223395975333E+00    0.820649198433218707E+00   -0.111453350903392518E+02    0.146463438984473249E+01
    0.469024535644984707E-02   -0.129187769500403374E+06    0.917316725920765741E+00    0.858586730322391745E+00   -0.111325000752466572E+02    0.183151088995235400E+01
    0.465346029417485884E-02   -0.129187793752795857E+06    0.364542090367281801E+00    0.169222509530395387E+00   -0.111676114201298535E+02    0.165772200242468637E+01
    0.460714122577289466E-02   -0.129187813745691761E+06    0.843643879634150551E+00    0.825484801901599674E+00   -0.111648756157628348E+02    0.172215729000479301E+01
    0.460380084553974403E-02   -0.129187852295077755E+06    0.965107474768471141E+00    0.899514751783018318E+00   -0.111019217517122009E+02    0.153423970516396424E+01
    0.457608857236182359E-02   -0.129187880219831059E+06    0.818877650994918493E+00    0.813809952072648835E+00   -0.111370192229265577E+02    0.163371792813819394E+01
    0.450267514903788385E-02   -0.129187887874006992E+06    0.755189818360679554E+00    0.826556661814863758E+00   -0.110783151431699345E+02    0.174998537437875101E+01
    0.443657224404215515E-02   -0.129187898294733925E+06    0.731760160101175838E+00    0.831388223575459939E+00   -0.111670525146072421E+02    0.154100955010291640E+01
    0.439879623610067196E-02   -0.129187921192453156E+06    0.706250354075063980E+00    0.849105449733388640E+00   -0.111261696270050390E+02    0.179510517017967342E+01
    0.432174884598939598E-02   -0.129187925850903164E+06    0.973355923002526380E+00    0.909310743246617537E+00   -0.111465318010385577E+02    0.171050206449920439E+01
    0.426514362190804058E-02   -0.129187939482321410E+06    0.321013746831424862E+00    0.175836617196435757E+00   -0.110974991044224147E+02    0.174119536422552179E+01
    0.421937552726022336E-02   -0.129187957904887124E+06    0.916510369107566225E+00    0.863304460690925257E+00   -0.111254396964679838E+02    0.161629467899242196E+01
    0.420326519976489503E-02   -0.129187990253915108E+06    0.407960671736854186E+00    0.146799352968830260E+00   -0.111358446306148320E+02    0.149978431960192582E+01
    0.418949941582932688E-02   -0.129188023693122843E+06    0.791001889990530893E+00    0.817894880215105480E+00   -0.111657435184512153E+02    0.154895010386228305E+01
    0.419570079600650042E-02   -0.129188066651373651E+06    0.763576545658129602E+00    0.826190850448972225E+00   -0.111636899776026084E+02    0.166376081558973787E+01
    0.422397684922327932E-02   -0.129188120084742812E+06    0.747165448400323173E+00    0.823944521841395439E+00   -0.110994915271718657E+02    0.160348268418763862E+01
    0.417291850484726758E-02   -0.129188135761956102E+06    0.378748636194244814E+00    0.164851676399753289E+00   -0.111033185470597768E+02    0.178891041480269375E+01
    0.410138017939650715E-02   -0.129188141177703947E+06    0.444578109427005153E+00    0.122382505626118382E+00   -0.111320345823509541E+02    0.156243709220109972E+01
    0.402431468030290708E-02   -0.129188143239872792E+06    0.690643931663023625E+00    0.849930118175987404E+00   -0.111173860593902543E+02    0.161953314018628713E+01
    0.397428886747480149E-02   -0.129188158222273254E+06    0.842926764101112891E+00    0.823246548703528869E+00   -0.110962203760788221E+02    0.181066370455121195E+01
    0.391381243066294369E-02   -0.129188167554501881E+06    0.774593392557945348E+00    0.820898374790489549E+00   -0.110834902166929101E+02    0.175851693440355628E+01
    0.388979128135322162E-02   -0.129188195241613605E+06    0.809744600136073966E+00    0.814755875112583960E+00   -0.111086601613981699E+02    0.175289841337445984E+01
    0.385064867900131039E-02   -0.129188215013855894E+06    0.746898703089411087E+00    0.821866831918328988E+00   -0.111293553752249714E+02    0.168418390559223119E+01
    0.381592549362914099E-02   -0.129188236897068913E+06    0.751707440612201072E+00    0.829648154874432997E+00   -0.111033693610088449E+02    0.154687589012587767E+01
    0.374112583095311761E-02   -0.129188237303792470E+06    0.371749627161967466E+00    0.170193750516215936E+00   -0.111172531179004483E+02    0.159592880991483943E+01
    0.367789714064504234E-02   -0.129188243212930931E+06    0.701247034039971018E+00    0.851541990198566023E+00   -0.110909089224120176E+02    0.161816046902304356E+01
    0.362981375073538094E-02   -0.129188256893288824E+06    0.334882651837228484E+00    0.176898433424763551E+00   -0.111451618085075950E+02    0.175604531638611605E+01
    0.359784170065798829E-02   -0.129188279198887729E+06    0.842888915543286377E+00    0.821268988890701657E+00   -0.111210768333563479E+02    0.180386213889060620E+01
    0.356705851123018418E-02   -0.129188302013231034E+06    0.772634503324333810E+00    0.822286976889629706E+00   -0.111159478410391195E+02    0.182735851714365971E+01
    0.351856124074196534E-02   -0.129188314634946830E+06    0.771634188494047968E+00    0.820936172865870506E+00   -0.110959252550363914E+02    0.180507216791552927E+01
    0.493565810493946672E-02   -0.129188991635980317E+06    0.304811190885888816E+00    0.177765636377540476E+00   -0.111349767512205524E+02    0.161862055937999028E+01
    0.478144331781871299E-02   -0.129188928148843654E+06    0.140465746854750273E+00    0.104113919019823559E+00   -0.110978944010591807E+02    0.174277280233329579E+01
    0.517675378548240923E-02   -0.129189087020298102E+06    0.160525877080185703E+00    0.122292207784473861E+00   -0.111082900622870273E+02    0.175263808131375809E+01
    0.371105994351979187E-02   -0.129188421299012887E+06    0.308927532552103257E+00    0.176437918061828014E+00   -0.111422771608784412E+02    0.162503740469394642E+01
    0.490029785837343360E-02   -0.129188977255924518E+06    0.426418646145878211E+00    0.133909186268577451E+00   -0.111285187861439372E+02    0.159885811738886296E+01
    0.468493763250284797E-02   -0.129188887369150005E+06    0.181081777661899035E+00    0.141935894877199237E+00   -0.111256005441526504E+02    0.165234020900244349E+01
    0.513436349669970163E-02   -0.129189070575706719E+06    0.430817552229078027E+00    0.131232765218608660E+00   -0.111285518499505436E+02    0.167443796711654680E+01
    0.463828324763771675E-02   -0.129188867352559217E+06    0.244438132336859737E+00    0.171877755724274411E+00   -0.111006620485672620E+02    0.173156203808149178E+01
    0.405089805543695260E-02   -0.129188596541140374E+06    0.437018934467868159E+00    0.128325213622728251E+00   -0.111171655170006112E+02    0.171934030819488815E+01
    0.449280123538110896E-02   -0.129188803616723890E+06    0.319967525671564945E+00    0.181854656143642129E+00   -0.111063097080219340E+02    0.171043036646569568E+01
    0.432446767010903534E-02   -0.129188727242044639E+06    0.819174948213716170E-01    0.392325775096979759E-01   -0.111019853374017288E+02    0.163712255841823939E+01
    0.484437356239212583E-02   -0.129188954299825724E+06    0.342501649346581560E+00    0.174953265857698742E+00   -0.111448998329641942E+02    0.167004060350447925E+01
    0.392127104494603348E-02   -0.129188531495637944E+06    0.227774096973661438E+00    0.164637880897176903E+00   -0.111406715316269391E+02    0.176254123413154096E+01
    0.507678740960611739E-02   -0.129189048021266848E+06    0.191854335236975787E+00    0.145472274046464733E+00   -0.111152091758135043E+02    0.175757535177579749E+01
    0.363498741092743282E-02   -0.129188379875238505E+06    0.199781364220997182E+00    0.148784921805012016E+00   -0.110882317053390942E+02    0.166985235983280100E+01
    0.639739382259590060E-02   -0.129189510445327556E+06    0.106507996256427331E+00    0.690963706820870438E-01   -0.111338259181221453E+02    0.163557683217470617E+01
    0.425424662550711891E-02   -0.129188694499323261E+06    0.291043298250462379E+00    0.181252068180087600E+00   -0.111288620177419126E+02    0.176848942897229056E+01
    0.566194888516125677E-02   -0.129189266200261030E+06    0.138603347152137957E+00    0.101719921857237910E+00   -0.111302348260769968E+02    0.173548400991692064E+01
    0.372276227203481580E-02   -0.129188427595821093E+06    0.372907292487310971E+00    0.167830024992586979E+00   -0.111394398803547183E+02    0.174860700201462116E+01
    0.436513345227436660E-02   -0.129188745961467299E+06    0.235706030666688771E+00    0.168034756073445840E+00   -0.110941979578928009E+02    0.165546525815379608E+01
    0.390756059766094940E-02   -0.129188524490525597E+06    0.816737846435687476E+00    0.816521646930225664E+00   -0.111512794763803971E+02    0.157944568815429820E+01
    0.395190098868401004E-02   -0.129188547057395335E+06    0.676255192023962115E+00    0.867985072879645880E+00   -0.111331852253998456E+02    0.175615291579212540E+01
    0.613986137153919604E-02   -0.129189428268271091E+06    0.869397570908205020E+00    0.834043330121459814E+00   -0.111120289135373902E+02    0.168332779408633426E+01
    0.373019438856989722E-02   -0.129188431584637525E+06    0.819457508690790704E+00    0.816094958823992966E+00   -0.111087725409943054E+02    0.174902242002387265E+01
    0.510615065644190198E-02   -0.129189059555591433E+06    0.624374789903900274E+00    0.914046084741808595E+00   -0.111251943900413632E+02    0.155572778137093648E+01
    0.468903613767925141E-02   -0.129188889118037099E+06    0.929607998964306459E+00    0.868446735613699006E+00   -0.111324642463697003E+02    0.153992754506021612E+01
    0.371230206488084788E-02   -0.129188421968316834E+06    0.866559413750446650E+00    0.830305052475276417E+00   -0.110906694833827064E+02    0.163982555018528209E+01
    0.494486752889206072E-02   -0.129188995364294766E+06    0.852373377170742019E+00    0.829084574896516324E+00   -0.111013890524829701E+02    0.163735146499495321E+01
    0.551228708155809821E-02   -0.129189212623173866E+06    0.797672261448630238E+00    0.819257652682170323E+00   -0.111000812812615344E+02    0.169434330392626586E+01
    0.412695013969146055E-02   -0.129188633741281548E+06    0.872890028810371366E+00    0.834855234984176464E+00   -0.110981370355038571E+02    0.176727214910971719E+01
    0.525730452509053526E-02   -0.129189117900838537E+06    0.731586072426528622E+00    0.829464445755257018E+00   -0.111297577239354553E+02    0.164779870156983588E+01
    0.685505412066170477E-02   -0.129189648636359227E+06    0.773246095431656233E+00    0.823443195970080200E+00   -0.111284502403074619E+02    0.164728337534847036E+01
    0.498628923889978155E-02   -0.129189012047930388E+06    0.966565752776822995E+00    0.899552072896653510E+00   -0.111375559329393869E+02    0.168137630601158294E+01
    0.734106913362281895E-02   -0.129189785632924235E+06    0.660385970664659316E+00    0.877252587389448002E+00   -0.111191082087871536E+02    0.169095606864803694E+01
    0.419161930245047932E-02   -0.129188664838198412E+06    0.912569993513348887E+00    0.857619005866064654E+00   -0.110996532072583616E+02    0.172653617552710426E+01
    0.534267514249613367E-02   -0.129189150116924226E+06    0.701410571589540455E+00    0.850425052031847706E+00   -0.111246999578368673E+02    0.174165980583455271E+01
    0.464344391910878618E-02   -0.129188869576572877E+06    0.875520031586535907E+00    0.838546987550564449E+00   -0.111410648023645251E+02    0.159488907201908692E+01
    0.467516143481807016E-02   -0.129188883191330446E+06    0.939897884810682260E+00    0.877124717869603665E+00   -0.111322501542537609E+02    0.154635369365914865E+01
    0.592869116099508601E-02   -0.129189358270890749E+06    0.734820378156127996E+00    0.832883481126558967E+00   -0.111422418057780561E+02    0.157055681418146520E+01
    0.561449638356658828E-02   -0.129189249367728946E+06    0.734828803529450569E+00    0.834673705312326542E+00   -0.111382932419415184E+02    0.158567779948446597E+01
    0.456121206570397723E-02   -0.129188833840727311E+06    0.883285905907357227E+00    0.835831317509880045E+00   -0.111092606934355125E+02    0.163479114423032090E+01
    0.406039968858827160E-02   -0.129188601226771600E+06    0.781651342201476584E+00    0.820455461548876830E+00   -0.111067797538349993E+02    0.154249811333956810E+01
    0.396533025089630155E-02   -0.129188553842229419E+06    0.784063752029387384E+00    0.821838451031371209E+00   -0.111552662200806072E+02    0.154131074567091853E+01
    0.462685694088322413E-02   -0.129188862419525365E+06    0.794295813525709882E+00    0.820737150189255527E+00   -0.111563798044594531E+02    0.165816507688569481E+01
    0.632936829441939092E-02   -0.129189489064814465E+06    0.732186446327105722E+00    0.834873781276312399E+00   -0.111369346755721050E+02    0.167766009056479315E+01
    0.514374850277707352E-02   -0.129189074228131867E+06    0.809829889979877260E+00    0.815752708819871053E+00   -0.111254927267270425E+02    0.163678988487020782E+01
    0.367247163068084139E-02   -0.129188400393751610E+06    0.613375143796125899E+00    0.926452577123652699E+00   -0.111145880609415357E+02    0.155430375968473999E+01
    0.644740744697518131E-02   -0.129189526020150734E+06    0.761614968644222179E+00    0.826195969142170306E+00   -0.111318537503810191E+02    0.162538280536315227E+01
    0.562860871583523853E-02   -0.129189254388526868E+06    0.682380240608995603E+00    0.858861491739895122E+00   -0.111321919004443686E+02    0.174131127614760173E+01
    0.698621553273303525E-02   -0.129189686541939140E+06    0.631548066628010218E+00    0.903675164649325846E+00   -0.111204860167284654E+02    0.163171320613487247E+01
