    0.230014512162828554E-98   -0.128665364712021314E+06    0.465904653072357178E+00    0.178104221820831299E+00   -0.118038940429687500E+02    0.494286417961120605E+01
    0.551974949968227600E-96   -0.128676365772916208E+06    0.794297575950622559E+00    0.733786404132843018E+00   -0.119474005699157715E+02    0.564933514595031738E+01
    0.149501157885043362E-95   -0.128678398546048382E+06    0.742345213890075684E+00    0.879006266593933105E+00   -0.111371719837188721E+02    0.469515287876129150E+01
    0.199287587968357572E-94   -0.128683618605852971E+06    0.170406639575958252E+00    0.232801675796508789E+00   -0.110528254508972168E+02    0.536693823337554932E+01
    0.325155610192835756E-94   -0.128684637715695339E+06    0.792800426483154297E+00    0.873972058296203613E+00   -0.105869638919830322E+02    0.972281455993652344E+00
    0.742129958810425426E-93   -0.128690933326893617E+06    0.189796924591064453E+00    0.256794571876525879E+00   -0.114843058586120605E+02    0.428428351879119873E+01
    0.318817443365743620E-90   -0.128703099026024865E+06    0.514559984207153320E+00    0.423569083213806152E-01   -0.102102828025817871E+02    0.216250348091125488E+01
    0.513648101620370020E-90   -0.128704092865510218E+06    0.683716356754302979E+00    0.703352153301239014E+00   -0.109137743711471558E+02    0.155326724052429199E+01
    0.102679194644490162E-89   -0.128705518177913851E+06    0.499444484710693359E+00    0.927990674972534180E-01   -0.105199438333511353E+02    0.105405592918395996E+01
    0.143977142443189085E-89   -0.128706234267996508E+06    0.387266099452972412E+00    0.137808024883270264E+00   -0.100767594575881958E+02    0.341136467456817627E+01
    0.392218701694856196E-89   -0.128708278598082019E+06    0.596286714076995850E+00    0.955136418342590332E+00   -0.118713814020156860E+02    0.262667083740234375E+01
    0.451580261449065399E-86   -0.128722415975693133E+06    0.888951718807220459E+00    0.773458421230316162E+00   -0.104052203893661499E+02    0.576184666156768799E+01
    0.552744768242159112E-86   -0.128722860262156042E+06    0.426529407501220703E+00    0.239149212837219238E+00   -0.113660651445388794E+02    0.430164957046508789E+01
    0.941783793770764292E-86   -0.128723966020906460E+06    0.898229420185089111E+00    0.766784250736236572E+00   -0.103735506534576416E+02    0.294552004337310791E+01
    0.190340055903894589E-81   -0.128743833944857222E+06    0.137745201587677002E+00    0.144986271858215332E+00   -0.104381203651428223E+02    0.189691758155822754E+01
    0.395884245760459265E-81   -0.128745338564096193E+06    0.488709032535552979E+00    0.536547303199768066E-01   -0.115087127685546875E+02    0.321949589252471924E+01
    0.506126709490787801E-77   -0.128764290575224382E+06    0.486023843288421631E+00    0.127081036567687988E+00   -0.108647239208221436E+02    0.568256843090057373E+01
    0.775588684192892152E-77   -0.128765184245787503E+06    0.438731849193572998E+00    0.165483236312866211E+00   -0.116518157720565796E+02    0.134522330760955811E+01
    0.130387961770764049E-76   -0.128766263199961511E+06    0.455045580863952637E+00    0.228600800037384033E+00   -0.112684184312820435E+02    0.103678035736083984E+01
    0.435063629125525623E-76   -0.128768713155894948E+06    0.219848215579986572E+00    0.248896121978759766E+00   -0.116424727439880371E+02    0.285194349288940430E+01
    0.199558239098554884E-75   -0.128771799553730511E+06    0.203925192356109619E+00    0.292056858539581299E+00   -0.111263912916183472E+02    0.228626132011413574E+01
    0.205866206154543601E-75   -0.128771901794438643E+06    0.980222165584564209E+00    0.858713269233703613E+00   -0.112423676252365112E+02    0.550024080276489258E+01
    0.771647589697558620E-75   -0.128774584397403989E+06    0.170331180095672607E+00    0.241601407527923584E+00   -0.109598356485366821E+02    0.822307705879211426E+00
    0.143933588987588512E-73   -0.128780476385875649E+06    0.823556900024414062E+00    0.760197997093200684E+00   -0.118666249513626099E+02    0.504784154891967773E+01
    0.185999805346561740E-72   -0.128785634343304788E+06    0.336788594722747803E+00    0.293329775333404541E+00   -0.113876795768737793E+02    0.253878235816955566E+01
    0.252952725640183665E-70   -0.128795499597654576E+06    0.148110389709472656E+00    0.818603634834289551E-01   -0.104120141267776489E+02    0.314325964450836182E+01
    0.248917280199161061E-69   -0.128800112603874848E+06    0.893964827060699463E+00    0.863528490066528320E+00   -0.101991212368011475E+02    0.425280261039733887E+01
    0.135936073827978132E-68   -0.128803547902254053E+06    0.767340302467346191E+00    0.757247209548950195E+00   -0.117045587301254272E+02    0.533915090560913086E+01
    0.491868199073202274E-66   -0.128815370294751425E+06    0.238077819347381592E+00    0.194881796836853027E+00   -0.102329874038696289E+02    0.479658365249633789E+01
    0.592042065338833598E-66   -0.128815781028543686E+06    0.706276357173919678E+00    0.883222401142120361E+00   -0.114982825517654419E+02    0.318120110034942627E+01
    0.230796426735434784E-65   -0.128818542115457196E+06    0.391311883926391602E+00    0.137873947620391846E+00   -0.104661560058593750E+02    0.153444707393646240E+01
    0.294749144025660427E-64   -0.128823676462809002E+06    0.727395057678222656E+00    0.788590729236602783E+00   -0.118353950977325439E+02    0.407980942726135254E+01
    0.803804816134236409E-64   -0.128825722926485731E+06    0.687308132648468018E+00    0.896094322204589844E+00   -0.113961094617843628E+02    0.266056001186370850E+01
    0.253228277831857568E-62   -0.128832663136641961E+06    0.729036688804626465E+00    0.857288062572479248E+00   -0.102977365255355835E+02    0.333812284469604492E+01
    0.686249404586664506E-62   -0.128834697036160680E+06    0.684862792491912842E+00    0.851796209812164307E+00   -0.118981021642684937E+02    0.318897342681884766E+01
    0.798728549473787816E-62   -0.128835040596210718E+06    0.392847001552581787E+00    0.140585303306579590E+00   -0.118770104646682739E+02    0.584256112575531006E+01
    0.534446273355583970E-60   -0.128843487356697937E+06    0.829470813274383545E+00    0.736095547676086426E+00   -0.113242787122726440E+02    0.715273976325988770E+00
    0.268402439903740537E-59   -0.128846755039459473E+06    0.658142626285552979E+00    0.773970603942871094E+00   -0.111894148588180542E+02    0.198978602886199951E+01
    0.435717014673769405E-58   -0.128852369220621666E+06    0.324638605117797852E+00    0.152754008769989014E+00   -0.110939961671829224E+02    0.579839050769805908E+01
    0.991431676857372229E-57   -0.128858658704913672E+06    0.461527287960052490E+00    0.831263661384582520E-01   -0.115009021759033203E+02    0.435110914707183838E+01
    0.438270871960581089E-56   -0.128861671249322942E+06    0.712474346160888672E+00    0.731830179691314697E+00   -0.109742581844329834E+02    0.207970833778381348E+01
    0.899378918097433895E-56   -0.128863148983894425E+06    0.141152918338775635E+00    0.919667482376098633E-01   -0.104309445619583130E+02    0.489553964138031006E+01
    0.228392581868952339E-55   -0.128865052877209353E+06    0.885226666927337646E+00    0.835710763931274414E+00   -0.116396045684814453E+02    0.142477226257324219E+01
    0.263130246632896677E-55   -0.128865376043500088E+06    0.887385725975036621E+00    0.862004935741424561E+00   -0.111679381132125854E+02    0.598934125900268555E+01
    0.416057353591175991E-55   -0.128866332391452146E+06    0.238244414329528809E+00    0.169548332691192627E+00   -0.104999482631683350E+02    0.166301894187927246E+01
    0.132299401566754810E-53   -0.128873291220679792E+06    0.209771275520324707E+00    0.179936110973358154E+00   -0.107142800092697144E+02    0.753906011581420898E+00
    0.486785438049604882E-53   -0.128875936732478280E+06    0.763966858386993408E+00    0.746251821517944336E+00   -0.111183166503906250E+02    0.394290089607238770E+01
    0.556265168869478603E-53   -0.128876243575790155E+06    0.175618588924407959E+00    0.170851111412048340E+00   -0.104793334007263184E+02    0.429860258102416992E+01
    0.190175386538148869E-52   -0.128878742149237019E+06    0.821285247802734375E+00    0.760041356086730957E+00   -0.115878039598464966E+02    0.335843038558959961E+01
    0.193272841999066103E-52   -0.128878814461529575E+06    0.799359977245330811E+00    0.737925291061401367E+00   -0.108893722295761108E+02    0.102375090122222900E+01
    0.317377849882190302E-52   -0.128879846441809234E+06    0.768910229206085205E+00    0.726472377777099609E+00   -0.110695827007293701E+02    0.297829806804656982E+01
    0.195816819547154937E-51   -0.128883525785212318E+06    0.233469665050506592E+00    0.142117261886596680E+00   -0.104744613170623779E+02    0.232380545139312744E+01
    0.221919042359672342E-51   -0.128883816051238769E+06    0.462659060955047607E+00    0.103664100170135498E+00   -0.108949702978134155E+02    0.101326704025268555E+00
    0.158357619052232802E-50   -0.128887786307916336E+06    0.154100537300109863E+00    0.186330020427703857E+00   -0.112419694662094116E+02    0.320280396938323975E+01
    0.276042982280073549E-50   -0.128888937709315127E+06    0.427578985691070557E+00    0.936915278434753418E-01   -0.108588588237762451E+02    0.137229681015014648E+01
    0.328008587501530819E-50   -0.128889322675721050E+06    0.622124433517456055E+00    0.928244948387145996E+00   -0.115756487846374512E+02    0.467666280269622803E+01
    0.617045218279791148E-50   -0.128890626480759238E+06    0.758364200592041016E-01    0.282565951347351074E-01   -0.107700592279434204E+02    0.543532526493072510E+01
    0.665760934473882471E-50   -0.128890818457439862E+06    0.351954936981201172E+00    0.162184476852416992E+00   -0.105189317464828491E+02    0.175371980667114258E+01
    0.338360006564341060E-49   -0.128894109987201809E+06    0.227969884872436523E+00    0.192531466484069824E+00   -0.105616033077239990E+02    0.184991562366485596E+01
    0.887582408338164613E-48   -0.128900683939257142E+06    0.721101999282836914E+00    0.813582479953765869E+00   -0.112919300794601440E+02    0.337661862373352051E+00
    0.704392007587202951E-47   -0.128904866776760406E+06    0.246637284755706787E+00    0.181397140026092529E+00   -0.117737942934036255E+02    0.492452716827392578E+01
    0.215813622770379554E-46   -0.128907146107241424E+06    0.162717044353485107E+00    0.128027975559234619E+00   -0.106427735090255737E+02    0.529693901538848877E+01
    0.399517308116412726E-46   -0.128908417791063534E+06    0.646278262138366699E+00    0.860947668552398682E+00   -0.116598826646804810E+02    0.293569278717041016E+01
    0.632565419837340751E-46   -0.128909376844177750E+06    0.972703099250793457E+00    0.848013401031494141E+00   -0.108149427175521851E+02    0.237331652641296387E+01
    0.128330114029317423E-44   -0.128915436829177721E+06    0.382379591464996338E+00    0.149609923362731934E+00   -0.116257226467132568E+02    0.185328662395477295E+01
    0.259314765957550207E-43   -0.128921488872716829E+06    0.970069348812103271E+00    0.924778282642364502E+00   -0.108124887943267822E+02    0.373912453651428223E+01
    0.357093290372253375E-43   -0.128922168781574495E+06    0.399429440498352051E+00    0.172818303108215332E+00   -0.116974711418151855E+02    0.307292711734771729E+01
    0.195023670707286314E-42   -0.128925604199508933E+06    0.483178853988647461E+00    0.674029588699340820E-01   -0.107439720630645752E+02    0.992389798164367676E+00
    0.577962165869314630E-42   -0.128927816974449175E+06    0.243855893611907959E+00    0.166188180446624756E+00   -0.104827737808227539E+02    0.427764201164245605E+01
    0.751712287467275105E-42   -0.128928382664938632E+06    0.311290740966796875E+00    0.212648987770080566E+00   -0.115103000402450562E+02    0.486091732978820801E+01
    0.103456807064722401E-41   -0.128929061436221149E+06    0.183341324329376221E+00    0.125640928745269775E+00   -0.116314423084259033E+02    0.305681562423706055E+01
    0.117472454386925396E-41   -0.128929355535566749E+06    0.461884558200836182E+00    0.120016396045684814E+00   -0.114307355880737305E+02    0.546072614192962646E+01
    0.734818993680447594E-41   -0.128933062376219605E+06    0.242893099784851074E-01    0.954833567142486572E+00   -0.112956011295318604E+02    0.443613696098327637E+01
    0.175231423258791064E-40   -0.128934840513039875E+06    0.963533520698547363E+00    0.886848390102386475E+00   -0.110320770740509033E+02    0.532526063919067383E+01
    0.172375211171172911E-40   -0.128934847645124391E+06    0.301257491111755371E+00    0.203454971313476562E+00   -0.116610449552536011E+02    0.274886298179626465E+01
    0.434076680565911607E-39   -0.128941339910591676E+06    0.921529829502105713E+00    0.883910715579986572E+00   -0.106854927539825439E+02    0.140187013149261475E+01
    0.268882518538705942E-38   -0.128945027187474305E+06    0.386760652065277100E+00    0.224685311317443848E+00   -0.111101400852203369E+02    0.326287257671356201E+01
    0.441848165389882111E-38   -0.128946060570985690E+06    0.441703855991363525E+00    0.164720833301544189E+00   -0.109648638963699341E+02    0.394806683063507080E+01
    0.464500942669752376E-38   -0.128946200565549370E+06    0.731716692447662354E+00    0.814866900444030762E+00   -0.115900480747222900E+02    0.457211422920227051E+01
    0.519572045804735363E-38   -0.128946464649341797E+06    0.306178689002990723E+00    0.178937494754791260E+00   -0.115010398626327515E+02    0.513443470001220703E+01
    0.540961244285871126E-38   -0.128946585333652212E+06    0.828673601150512695E+00    0.826373696327209473E+00   -0.105791568756103516E+02    0.192845964431762695E+01
    0.211978802289408188E-37   -0.128949356781120936E+06    0.268676936626434326E+00    0.252559542655944824E+00   -0.108865338563919067E+02    0.185801839828491211E+01
    0.273516942543441534E-37   -0.128949906535694172E+06    0.613208532333374023E+00    0.893148064613342285E+00   -0.110241931676864624E+02    0.374912667274475098E+01
    0.536925597884939715E-37   -0.128951295527626964E+06    0.221252560615539551E+00    0.153015673160552979E+00   -0.106284350156784058E+02    0.436365115642547607E+01
    0.494408216583383180E-36   -0.128955775701796607E+06    0.893305122852325439E+00    0.853409767150878906E+00   -0.113794541358947754E+02    0.481929874420166016E+01
    0.106517686475171814E-35   -0.128957350771015073E+06    0.349175194944008283E+00    0.249861861427568610E+00   -0.109234967970317562E+02    0.187083612066396232E+01
    0.150775728022708526E-35   -0.128958085735907691E+06    0.945953205392502383E+00    0.889046350658434736E+00   -0.115927485253892062E+02    0.339849226144921790E+01
    0.304844909837491401E-35   -0.128959533755241864E+06    0.664483606815338135E+00    0.834490120410919189E+00   -0.114883321523666382E+02    0.262742793560028076E+01
    0.609737830966318477E-35   -0.128960960207090931E+06    0.808446347713470459E+00    0.812684416770935059E+00   -0.105522143840789795E+02    0.392910182476043701E+01
    0.660605026478771232E-35   -0.128961160461175750E+06    0.893260056642089240E-01    0.496503498408899999E-01   -0.110523862070592287E+02    0.252506174670003247E+00
    0.837956928061704185E-35   -0.128961676082333302E+06    0.749723255634307861E+00    0.821175873279571533E+00   -0.105575549602508545E+02    0.242876923084259033E+01
    0.885734543712568044E-35   -0.128961826983519277E+06    0.734408259391784668E+00    0.826698780059814453E+00   -0.109308624267578125E+02    0.483765828609466553E+01
    0.328348906159481337E-34   -0.128964487472680572E+06    0.189762541334716456E+00    0.157540432295642380E+00   -0.114813266917050427E+02    0.458722724429675477E+01
    0.322875313505196450E-34   -0.128964493851562758E+06    0.368203997611999512E+00    0.153802037239074707E+00   -0.105647957324981689E+02    0.247826349735260010E+01
    0.565146270347359958E-34   -0.128965653488284384E+06    0.481164455413818359E-02    0.947353839874267578E+00   -0.105982428789138794E+02    0.380536615848541260E+01
    0.583050633060375936E-34   -0.128965755867181433E+06    0.770294666290283203E-02    0.945397913455963135E+00   -0.108340990543365479E+02    0.684265851974487305E+00
    0.716188663064906103E-34   -0.128966207206374267E+06    0.948725342750549316E+00    0.839716494083404541E+00   -0.108065170049667358E+02    0.316076087951660156E+01
    0.337315583930200621E-33   -0.128969346527189919E+06    0.328970313072204590E+00    0.157410025596618652E+00   -0.107554560899734497E+02    0.389442801475524902E+01
    0.145636499073530670E-32   -0.128972311887059535E+06    0.709051430225372314E+00    0.815363705158233643E+00   -0.114306139945983887E+02    0.388399672508239746E+01
    0.375234752502505220E-32   -0.128974244763163500E+06    0.959567904472351074E+00    0.894910931587219238E+00   -0.105538332462310791E+02    0.345821750164031982E+01
    0.482587841579260561E-32   -0.128974787985408533E+06    0.370292901992797852E+00    0.137787044048309326E+00   -0.110332286357879639E+02    0.338559758663177490E+01
    0.689895896691266473E-32   -0.128975542740913632E+06    0.879873991012573242E+00    0.838752269744873047E+00   -0.115535444021224976E+02    0.377132105827331543E+01
    0.788166523644539029E-32   -0.128975849078273837E+06    0.652389943599700928E+00    0.865038871765136719E+00   -0.114804881811141968E+02    0.379382336139678955E+01
    0.798410329428612944E-32   -0.128975914904815087E+06    0.904560148715972900E+00    0.876992166042327881E+00   -0.111850893497467041E+02    0.323693990707397461E+01
    0.110060722393653087E-31   -0.128976596894146409E+06    0.314668834209442139E+00    0.213317334651947021E+00   -0.111099499464035034E+02    0.413793790340423584E+01
    0.160966988566045180E-31   -0.128977397228283924E+06    0.162008345127105713E+00    0.171570956707000732E+00   -0.112337589263916016E+02    0.297799694538116455E+01
    0.218375790517396719E-30   -0.128982652434638803E+06    0.238161702874039566E+00    0.179068679081030802E+00   -0.106686698337881509E+02    0.400767715187814666E+01
    0.224110664449095444E-30   -0.128982744279797073E+06    0.284235504326630528E+00    0.199363262877671948E+00   -0.106120429418449653E+02    0.333572041786170237E+01
    0.723649005089694312E-30   -0.128985128612812376E+06    0.604579954611492387E+00    0.937034181158989288E+00   -0.111066773613039729E+02    0.445080265658131058E+01
    0.133903673562176833E-29   -0.128986399411422783E+06    0.238522567407911425E-01    0.955482495659293551E+00   -0.113951311532451669E+02    0.315604430804102165E+01
    0.283787227763451764E-29   -0.128987941619566613E+06    0.312873235297140728E+00    0.154951617224721061E+00   -0.106657101257604445E+02    0.249212540415820483E+01
    0.461079364207359087E-29   -0.128988952310417517E+06    0.445398151874542236E+00    0.126844942569732666E+00   -0.113124245405197144E+02    0.602572917938232422E+00
    0.759905799825187731E-29   -0.128989991559003902E+06    0.924669644658230538E+00    0.850127020488253504E+00   -0.115532429602357229E+02    0.209103617006931186E+01
    0.872008207789743751E-29   -0.128990306767720831E+06    0.615013957023620605E+00    0.925103545188903809E+00   -0.114320474863052368E+02    0.394542932510375977E+01
    0.860154941490524631E-29   -0.128990319395122991E+06    0.207668605573000042E+00    0.145605501499712020E+00   -0.106005226465597602E+02    0.310604761977650057E+01
    0.150861009474625277E-28   -0.128991483058125625E+06    0.354769110679626465E+00    0.201154828071594238E+00   -0.106751734018325806E+02    0.265322613716125488E+01
    0.149030007981691599E-28   -0.128991498635596930E+06    0.862940132617950439E+00    0.789122283458709717E+00   -0.114618319272994995E+02    0.182796478271484375E+01
    0.352635701997808115E-28   -0.128993261211270641E+06    0.665812567415523970E+00    0.865103601090236207E+00   -0.111541849034561587E+02    0.439882125023596959E+01
    0.679250914394560594E-28   -0.128994612321422872E+06    0.717630677836443964E+00    0.802945468627459413E+00   -0.107370414236727054E+02    0.299107161491933793E+01
    0.101200210143562680E-27   -0.128995449712086614E+06    0.221905708312988281E+00    0.133897721767425537E+00   -0.111945062875747681E+02    0.287474906444549561E+01
    0.389068615524782392E-27   -0.128998183021855046E+06    0.343014121055603027E+00    0.215262830257415771E+00   -0.109914243221282959E+02    0.356023013591766357E+01
    0.429890586001292875E-27   -0.128998422571870178E+06    0.258616507053375244E+00    0.141213774681091309E+00   -0.111758041381835938E+02    0.246362757682800293E+01
    0.125653858109679226E-26   -0.129000607742543318E+06    0.933730065553661559E+00    0.849871557552961732E+00   -0.106900653647435124E+02    0.317784379368060099E+01
    0.144085864851430939E-26   -0.129000921499416989E+06    0.783021092414855957E+00    0.822765409946441650E+00   -0.106895214319229126E+02    0.183168947696685791E+01
    0.369840217393481732E-26   -0.129002846822740830E+06    0.698997318744659424E+00    0.863255381584167480E+00   -0.112789160013198853E+02    0.366116595268249512E+01
    0.468407740064076293E-26   -0.129003359358917995E+06    0.621002780376141095E+00    0.895208249665580214E+00   -0.111665179440170803E+02    0.361812307849352610E+01
    0.724906756309759174E-26   -0.129004272766675058E+06    0.613928079605102539E+00    0.925192952156066895E+00   -0.107564556598663330E+02    0.389093363285064697E+01
    0.740929833147875594E-26   -0.129004356492463266E+06    0.871291286565325729E+00    0.814241825143011799E+00   -0.114648342952319240E+02    0.134036109219044297E+01
    0.918082873637294386E-26   -0.129004825255931544E+06    0.389989495277404785E+00    0.152894616127014160E+00   -0.114658939838409424E+02    0.327581512928009033E+01
    0.920695344300220157E-26   -0.129004870938993030E+06    0.950329958477016512E+00    0.861696483639306843E+00   -0.107183832644618668E+02    0.291997471146867182E+01
    0.150027009099917589E-25   -0.129005887481468963E+06    0.920778468756491608E+00    0.874962518937562383E+00   -0.107553043045115722E+02    0.147765838817478623E+01
    0.296915744611361734E-25   -0.129007292747612606E+06    0.927329554172577120E+00    0.888584830265830794E+00   -0.112622884686698406E+02    0.273935552478191635E+01
    0.713650970619013904E-25   -0.129009086638804161E+06    0.878531515598297119E+00    0.816045641899108887E+00   -0.108221787214279175E+02    0.131538319587707520E+01
    0.876502152981446736E-25   -0.129009537729113246E+06    0.836978495121002197E+00    0.799387693405151367E+00   -0.112120091915130615E+02    0.592481732368469238E+00
    0.144008414977747257E-24   -0.129010570764448275E+06    0.353103160145932682E+00    0.166107085049434694E+00   -0.111066370252590101E+02    0.397128461331759741E+01
    0.167328574553585227E-24   -0.129010910939761234E+06    0.756691956833184021E+00    0.804172645615709669E+00   -0.108111345064543602E+02    0.369549795120733915E+01
    0.154996347958294146E-23   -0.129015402994273987E+06    0.991442203521728516E+00    0.899775385856628418E+00   -0.109409898519515991E+02    0.150718259811401367E+01
    0.186226612168440173E-23   -0.129015810119718080E+06    0.352985858917236328E+00    0.200819551944732666E+00   -0.114057636260986328E+02    0.292374444007873535E+01
    0.368851375261493807E-23   -0.129017216978735494E+06    0.162672502186803264E+00    0.162911564435690770E+00   -0.108658671993368365E+02    0.242020453401319280E+01
    0.202892625152772823E-22   -0.129020666715147760E+06    0.128368362656521184E+00    0.955595727753696250E-01   -0.114695425511943672E+02    0.293141950103037274E+01
    0.224368931138767359E-22   -0.129020907944771869E+06    0.346401812299458822E+00    0.206266650412571223E+00   -0.113192415527143169E+02    0.919962435831298664E+00
    0.268086850282201952E-22   -0.129021303983342281E+06    0.688910863185101197E+00    0.812472950926738768E+00   -0.111572436376498700E+02    0.278283116587320745E+01
    0.100326829716626937E-21   -0.129023983397843564E+06    0.613183883888054670E+00    0.941451727103762237E+00   -0.109540173545579407E+02    0.132348968917124865E+01
    0.131128160217595365E-21   -0.129024558881870267E+06    0.316892011050889821E+00    0.225968104431855249E+00   -0.108875572641916580E+02    0.193640689200552041E+01
    0.157525495967158051E-21   -0.129024965706184448E+06    0.890123840893275231E+00    0.795724586581667670E+00   -0.113068168275336376E+02    0.221140619339508016E+01
    0.217348097967648293E-21   -0.129025649531948569E+06    0.825467288494110107E+00    0.784044444561004639E+00   -0.109139722585678101E+02    0.310483002662658691E+01
    0.284648678038405986E-21   -0.129026229042958250E+06    0.140670342905323792E+00    0.126543687770994895E+00   -0.112994754263906678E+02    0.303111456099146359E+01
    0.390386647695357192E-21   -0.129026900806840509E+06    0.804156731329952912E+00    0.856657058878364963E+00   -0.111935041793785430E+02    0.164338939889828239E+01
    0.525017421315063499E-21   -0.129027533394426806E+06    0.180355608463287354E+00    0.155100226402282715E+00   -0.108945107460021973E+02    0.109274017810821533E+01
    0.150951433319130609E-20   -0.129029685618024654E+06    0.679680764675140381E+00    0.868254363536834717E+00   -0.106974625587463379E+02    0.244708764553070068E+01
    0.155270902011653881E-20   -0.129029782044414373E+06    0.323093713923130244E+00    0.227797962710247076E+00   -0.111995484790329218E+02    0.253785928991844933E+01
    0.371946519950496884E-20   -0.129031569201882521E+06    0.395538439110652729E+00    0.184716609791246072E+00   -0.108811278254102533E+02    0.309838023833085741E+01
    0.389929336976204503E-20   -0.129031703632792720E+06    0.311217744609949942E+00    0.165804732320465775E+00   -0.107386920358729974E+02    0.285562088544011861E+01
    0.653979834481665388E-20   -0.129032777854755506E+06    0.217357318276691747E+00    0.140048477777467928E+00   -0.111340255771009549E+02    0.617183210812564775E+00
    0.936162388307133481E-20   -0.129033535279628210E+06    0.472937703132629395E+00    0.116252362728118896E+00   -0.108608514070510864E+02    0.271630954742431641E+01
    0.166249892588812306E-19   -0.129034723855974691E+06    0.770086767114112059E+00    0.766179440640740061E+00   -0.110935440041835598E+02    0.141613650050190132E+01
    0.164329940819680871E-19   -0.129034740624389902E+06    0.747182790496561111E+00    0.838599090273077885E+00   -0.112543185780541819E+02    0.664406901093594571E+00
    0.615879435358405053E-19   -0.129037422974352899E+06    0.148330727406476258E-01    0.955950225743762427E+00   -0.114451058922991820E+02    0.234337030019140968E+01
    0.684626556582152386E-19   -0.129037674618941237E+06    0.204516460318798970E+00    0.189962357073213267E+00   -0.113248243613532154E+02    0.235124876885567735E+01
    0.778112797014177267E-19   -0.129037970614901744E+06    0.593452611943577235E+00    0.958657637948115204E+00   -0.109431546574578427E+02    0.160318084553629614E+01
    0.964324420787770284E-19   -0.129038439727455945E+06    0.284346579835008217E+00    0.166320805965863072E+00   -0.107818476771039791E+02    0.300828961020123176E+01
    0.164685336826370383E-17   -0.129044155285487010E+06    0.255574420701003169E+00    0.146422229060795606E+00   -0.109191672121134271E+02    0.232992939616491457E+01
    0.225583331738437441E-17   -0.129044824591545272E+06    0.426343845592024817E+00    0.125924891805789863E+00   -0.111469305610227334E+02    0.606379579371889244E+00
    0.645862403695671081E-17   -0.129046968385247194E+06    0.747666516336150222E+00    0.802873210838490281E+00   -0.114138178988748411E+02    0.197577963454907657E+01
    0.966117567183148301E-17   -0.129047813783343692E+06    0.692710600631304518E+00    0.813483910354215189E+00   -0.109897773390025542E+02    0.236736617348771983E+01
    0.108296541277203349E-16   -0.129048082128899739E+06    0.228376860530616427E+00    0.148357497928840121E+00   -0.109664569910179370E+02    0.305237185990116844E+01
    0.118809048626703716E-16   -0.129048307417607590E+06    0.837099867582547619E+00    0.833604485501588055E+00   -0.111634922538853107E+02    0.321890269073111579E+01
    0.226605514407680115E-16   -0.129049638803833193E+06    0.603348535017065757E+00    0.930041008953000570E+00   -0.107899051304225164E+02    0.291167059950344553E+01
    0.279122638776877002E-16   -0.129050095684967251E+06    0.247535705566406250E+00    0.219839751720428467E+00   -0.112040805816650391E+02    0.206390941143035889E+01
    0.282841914390308723E-16   -0.129050162158736086E+06    0.931319558041079354E+00    0.859424377509569792E+00   -0.113093597964207202E+02    0.889689138491686515E+00
    0.313277214273639231E-16   -0.129050406559400086E+06    0.641279232838428581E+00    0.916174045455534047E+00   -0.112034690128392018E+02    0.176602651056503124E+01
    0.400381186592232851E-16   -0.129050937216585357E+06    0.191326535105691170E+00    0.137509832218475792E+00   -0.112964144453452651E+02    0.291150794869370744E+01
    0.811272703469655522E-16   -0.129052389590972569E+06    0.635335701720522672E+00    0.890499477646269133E+00   -0.110443848810134515E+02    0.333010808899131705E+01
    0.177410832628666448E-15   -0.129053994488914352E+06    0.670609418574184657E+00    0.837448486342325049E+00   -0.112325405251911672E+02    0.107606637446359676E+01
    0.378603002355504329E-15   -0.129055550528989523E+06    0.731828715179752565E+00    0.847619984043901598E+00   -0.112678950344392010E+02    0.271447554639056943E+01
    0.849881131354243739E-15   -0.129057207745640218E+06    0.955130338668823242E+00    0.897555828094482422E+00   -0.110341900587081909E+02    0.314145720005035400E+01
    0.163982243048940580E-14   -0.129058562239133462E+06    0.380309279967743996E+00    0.135115844635853855E+00   -0.110145511073794520E+02    0.119853234975444711E+01
    0.313950001079148923E-14   -0.129059901190319710E+06    0.307433906639877297E+00    0.210111031106348406E+00   -0.111697981774961459E+02    0.277342351875160276E+01
    0.457081295798800008E-14   -0.129060692445368171E+06    0.152621348437340598E+00    0.149020507768803157E+00   -0.110285392688969388E+02    0.164021961359599455E+01
    0.559331243136736073E-14   -0.129061136206560535E+06    0.133311434562625647E+00    0.129632815397867140E+00   -0.111227941165112902E+02    0.178526401659140133E+01
    0.791929897430398971E-14   -0.129061871668586828E+06    0.877006082035379220E+00    0.861573052421871211E+00   -0.109279721325333963E+02    0.188780130975171900E+01
    0.827884467464128857E-14   -0.129062000470062922E+06    0.480144341015650677E+00    0.111043737405946488E+00   -0.110207348870262898E+02    0.164858587735025397E+01
    0.115672063593884840E-13   -0.129062709411322721E+06    0.862173914909362793E+00    0.784637272357940674E+00   -0.110937780141830444E+02    0.186784672737121582E+01
    0.141915991533923810E-13   -0.129063158363570939E+06    0.686822354793548584E+00    0.846502602100372314E+00   -0.111722904443740845E+02    0.308210062980651855E+01
    0.154488792420679322E-13   -0.129063368136129197E+06    0.656948166830268798E+00    0.872412090579127164E+00   -0.108915542351101440E+02    0.139830744194896583E+01
    0.197643303532607981E-13   -0.129063900820841183E+06    0.348118433940021843E+00    0.194929362540418399E+00   -0.108557141223868427E+02    0.205086065590221134E+01
    0.197145661022879083E-13   -0.129063935778726853E+06    0.418005088354421128E+00    0.176337105924380511E+00   -0.111839999048719267E+02    0.223686042236298910E+01
    0.212686552392453879E-13   -0.129064127532017417E+06    0.782900163286296635E+00    0.783672227219969986E+00   -0.112341766027763050E+02    0.228501401018242190E+01
    0.300473045912601861E-13   -0.129064858609128685E+06    0.931733696789431853E+00    0.836525312028813417E+00   -0.110999878779740229E+02    0.236504062236545121E+01
    0.429402736421888358E-13   -0.129065612683539890E+06    0.788490061756222049E+00    0.807534008960093308E+00   -0.108984899711299690E+02    0.299641506986680328E+01
    0.437472282955313872E-13   -0.129065689919724799E+06    0.692049906415939442E+00    0.834654884522921026E+00   -0.108732631079433162E+02    0.256092589887232780E+01
    0.444907830011382689E-13   -0.129065763627298002E+06    0.998796490687448801E+00    0.928140873082849982E+00   -0.112770872531589657E+02    0.274343717042231372E+01
    0.496913298063852875E-13   -0.129066024724144314E+06    0.587469534768985779E+00    0.954614653749207176E+00   -0.109482993998609786E+02    0.106275878051423289E+01
    0.323751999826530474E-12   -0.129069813018789835E+06    0.675835872833601359E+00    0.873889281640426452E+00   -0.112162518181323545E+02    0.278039868667988532E+01
    0.369032887439953720E-12   -0.129070114834741544E+06    0.907462246070186995E+00    0.846429024173781630E+00   -0.110997713123069470E+02    0.777683655436205878E+00
    0.413557844696393398E-12   -0.129070382657999930E+06    0.122531158423277331E+00    0.887811074338809708E-01   -0.109791199392685019E+02    0.309254913397934761E+01
    0.412819137639987100E-12   -0.129070419082357010E+06    0.222254989569863781E+00    0.182616610613392544E+00   -0.112532371399080908E+02    0.263371251501951820E+01
    0.799990145850637676E-12   -0.129071782262029505E+06    0.445895304708092854E+00    0.111613998930481101E+00   -0.109049653521579000E+02    0.280279710388198566E+01
    0.869754117642068673E-12   -0.129071989484306308E+06    0.947509644003213247E+00    0.866334838337161073E+00   -0.113623211671309523E+02    0.161222930519513019E+01
    0.117322691093359263E-11   -0.129072628089759499E+06    0.341770887374877930E+00    0.172698676586151123E+00   -0.108414375782012939E+02    0.185281705856323242E+01
    0.137974798150186084E-11   -0.129072992375488451E+06    0.213210715433212572E+00    0.154526010530472463E+00   -0.109294189984562280E+02    0.294998864157186436E+01
    0.138211317065646478E-11   -0.129073035800989732E+06    0.674761271639784277E+00    0.890783144939446325E+00   -0.110971927725926953E+02    0.148936517084147990E+01
    0.159860529730432209E-11   -0.129073366836887493E+06    0.690481129164743135E+00    0.874374027171756607E+00   -0.111412469602947155E+02    0.916733810917383152E+00
    0.178668887643931576E-11   -0.129073629302002024E+06    0.684971248988773929E+00    0.829274884626503117E+00   -0.112392473721071298E+02    0.122512679090821175E+01
    0.179548539480970926E-11   -0.129073679124568298E+06    0.710403727194644063E+00    0.838700456763781244E+00   -0.109224915343978459E+02    0.296554853736324020E+01
    0.297627654141565647E-11   -0.129074729919840698E+06    0.175674779561319494E+00    0.125508486739239256E+00   -0.113469347039056601E+02    0.207382023280850003E+01
    0.307374959679017377E-11   -0.129074834370134398E+06    0.539023935794830322E+00    0.145235061645507812E-01   -0.112967246770858765E+02    0.209550726413726807E+01
    0.321320593379239825E-11   -0.129074963112111684E+06    0.705633048877197910E+00    0.824174530393632643E+00   -0.112839517311081838E+02    0.114269719655682489E+01
    0.766465820310489346E-11   -0.129076741813606524E+06    0.383933260953019662E+00    0.141005634991100942E+00   -0.112492106350151708E+02    0.110601892355507414E+01
    0.110268979368811229E-10   -0.129077509248877643E+06    0.267107641283958301E-01    0.969546628814654698E+00   -0.112987880751782441E+02    0.243341043242538202E+01
    0.156072768629912252E-10   -0.129078244048309803E+06    0.179561350139348236E+00    0.165889744959047125E+00   -0.112498137393338720E+02    0.201495793927132905E+01
    0.178689737795559122E-10   -0.129078554705568706E+06    0.252876767519879087E+00    0.154105225911721100E+00   -0.112995099133253376E+02    0.164307647603614182E+01
    0.186245281803983779E-10   -0.129078677532630361E+06    0.734597960689879037E+00    0.826025022708095635E+00   -0.111092291112026071E+02    0.295746274206598736E+01
    0.199275685767945543E-10   -0.129078852782024915E+06    0.735910955043257986E+00    0.837758852292119438E+00   -0.113562876138808129E+02    0.206659620301935032E+01
    0.251836972395874026E-10   -0.129079360967468121E+06    0.251114532343971575E+00    0.182451651911194807E+00   -0.111288404038760618E+02    0.289807251682561784E+01
    0.298535134442999853E-10   -0.129079741178840137E+06    0.637795738920417077E+00    0.902646638293615244E+00   -0.113695292739354468E+02    0.183488656641263992E+01
    0.326645889254357485E-10   -0.129079961156934980E+06    0.950474598466222842E+00    0.868101224243777336E+00   -0.110437855391838706E+02    0.266127377020370126E+01
    0.120133179051228933E-09   -0.129082605775673277E+06    0.645804866864322813E+00    0.869893963172019391E+00   -0.109784987354732451E+02    0.209716597603562782E+01
    0.123729732557837418E-09   -0.129082704772989120E+06    0.453425448966313593E+00    0.117247004129091892E+00   -0.112996799749663897E+02    0.243817983535204785E+01
    0.167403184016540783E-09   -0.129083349384124231E+06    0.108087369353576615E+00    0.636471854627558842E-01   -0.110999751918201817E+02    0.261762491124539842E+01
    0.245023446713787007E-09   -0.129084151281581333E+06    0.773017285909442853E+00    0.837145117361032254E+00   -0.109011281799644166E+02    0.203696350094043144E+01
    0.275834455453618932E-09   -0.129084428175541034E+06    0.261201841459914152E+00    0.202928651151998263E+00   -0.109745392617052122E+02    0.210434899040934020E+01
    0.315012405872768596E-09   -0.129084733797811205E+06    0.190069485153875894E+00    0.130113327454408789E+00   -0.109146325511489497E+02    0.180545219595300144E+01
    0.317716254274982738E-09   -0.129084790891172277E+06    0.640742034762639134E+00    0.903389567913518210E+00   -0.109731290628242437E+02    0.262996098745083007E+01
    0.315466913876480802E-09   -0.129084816681382916E+06    0.837884736578432876E+00    0.793519956807558713E+00   -0.110854530189891189E+02    0.232014165145372253E+01
    0.333016815610463306E-09   -0.129084964959739737E+06    0.753447719255532555E+00    0.796349317553647906E+00   -0.110674368251029289E+02    0.230281687778541144E+01
    0.500223003211158958E-09   -0.129085818681778488E+06    0.706246331911031366E+00    0.856336166657815090E+00   -0.109850833969654360E+02    0.116729977801196072E+01
    0.654690139494161937E-09   -0.129086396897876111E+06    0.863117319776856129E+00    0.811963484884186681E+00   -0.109348895835646065E+02    0.231662812227479176E+01
    0.683891429393171373E-09   -0.129086524172119796E+06    0.363446044729257900E+00    0.196004676271488654E+00   -0.112891886118242599E+02    0.160408729982013942E+01
    0.672072646643484040E-09   -0.129086529306647266E+06    0.739628143190327547E+00    0.840589998172622255E+00   -0.111820488583506421E+02    0.254676118560806986E+01
    0.698588910498612653E-09   -0.129086646698684373E+06    0.818932530884811549E+00    0.837629630583792251E+00   -0.109267518968261008E+02    0.177676894019683962E+01
    0.720583124030440274E-09   -0.129086748695325077E+06    0.252442571621368295E+00    0.149392543070369060E+00   -0.111859632280202899E+02    0.127506322460537924E+01
    0.753368749402379450E-09   -0.129086877683397615E+06    0.815578862950499972E+00    0.806245127859692934E+00   -0.109347483200409759E+02    0.159363878173600892E+01
    0.994460612903425379E-09   -0.129087472974752833E+06    0.273354236658250815E+00    0.211797726856782914E+00   -0.111018731612184443E+02    0.203541280354809029E+01
    0.102931235009807029E-08   -0.129087581866241671E+06    0.875149971952288275E+00    0.836131761856272915E+00   -0.108925301594039148E+02    0.248310821111402547E+01
    0.116730802510457255E-08   -0.129087873484854790E+06    0.313901376214582251E+00    0.163930413414713760E+00   -0.112848577359848541E+02    0.127459879313070501E+01
    0.130676501710721640E-08   -0.129088139193586612E+06    0.652387652718433131E+00    0.861570022091336041E+00   -0.110716359607508217E+02    0.141587041936064328E+01
    0.248670624717128801E-08   -0.129089466002410656E+06    0.387816110792679192E+00    0.140340246117725553E+00   -0.111784435306811876E+02    0.106858487770235344E+01
    0.361018902474354715E-08   -0.129090251604590419E+06    0.446176171302795410E+00    0.109389722347259521E+00   -0.109380066394805908E+02    0.160483396053314209E+01
    0.407649180201668123E-08   -0.129090534557857798E+06    0.958637820395292772E+00    0.893663993420249825E+00   -0.108860290483537341E+02    0.219759588498015379E+01
    0.409218665747487828E-08   -0.129090582243250159E+06    0.414513191259344493E+00    0.166589498119012192E+00   -0.110973384451427233E+02    0.230991953775207381E+01
    0.785023606406872669E-08   -0.129091925171532028E+06    0.948828285211892886E+00    0.893174538606423152E+00   -0.109219498387065457E+02    0.180004201790011087E+01
    0.102809361740234094E-07   -0.129092504666972411E+06    0.989292295503780394E+00    0.931699080702898419E+00   -0.110327069347574476E+02    0.112911124083327308E+01
    0.126184569444398625E-07   -0.129092954405483615E+06    0.715252862604038753E+00    0.852672233458344975E+00   -0.112659881784353146E+02    0.208107790030802420E+01
    0.173012260392883591E-07   -0.129093625639062258E+06    0.830940765187241803E+00    0.820839646060781636E+00   -0.108982637551113566E+02    0.220541252435548207E+01
    0.169840918017854739E-07   -0.129093628638584778E+06    0.715928018585148873E+00    0.818195728865063088E+00   -0.112211064437996537E+02    0.217330224007375694E+01
    0.176216066541570905E-07   -0.129093742335925432E+06    0.690986273684506935E+00    0.836329201782722187E+00   -0.112174398113678500E+02    0.227514556818744129E+01
    0.283336991645889315E-07   -0.129094732188084483E+06    0.432135019294382583E+00    0.119418343384969150E+00   -0.112637207754503734E+02    0.120205258194221276E+01
    0.305945637793585683E-07   -0.129094925729003444E+06    0.343457009758626475E+00    0.167279804127702464E+00   -0.112616997175321654E+02    0.219700613611412088E+01
    0.400631990233389804E-07   -0.129095505000691322E+06    0.142101342705146710E+00    0.951101384377815023E-01   -0.109498028661797413E+02    0.186407346574482480E+01
    0.403591390274815263E-07   -0.129095559720051504E+06    0.836988063181085762E+00    0.796734591472751053E+00   -0.112450709695282960E+02    0.146678608748413075E+01
    0.431369721135658254E-07   -0.129095732845227729E+06    0.957167433959603797E+00    0.882770585269744057E+00   -0.110659234812311382E+02    0.110567031760238499E+01
    0.481261963269415290E-07   -0.129095991737627701E+06    0.479857610237324428E+00    0.753210301046505076E-01   -0.112429019110791266E+02    0.162365951363015371E+01
    0.480731931214058098E-07   -0.129096029533738008E+06    0.410452339007645828E+00    0.128901412894187439E+00   -0.111368200709697831E+02    0.112211850099487576E+01
    0.485163246531756200E-07   -0.129096087884989814E+06    0.823238182207961855E+00    0.802040119126195217E+00   -0.113020234017057408E+02    0.164002063420304345E+01
    0.496370528907457234E-07   -0.129096173559503484E+06    0.210812524271570212E+00    0.145970453911080378E+00   -0.110028160715277998E+02    0.239578008442744350E+01
    0.500286160790525998E-07   -0.129096229274652214E+06    0.372808324908657118E+00    0.193684758467408152E+00   -0.110872544187394038E+02    0.152045622994706631E+01
    0.632236426146876500E-07   -0.129096737440972036E+06    0.904330579693727654E+00    0.832511998577009527E+00   -0.112926400359447499E+02    0.174417076586614073E+01
    0.802121566504733276E-07   -0.129097253434490762E+06    0.295142500715924738E+00    0.209922816082780961E+00   -0.112083917179555819E+02    0.168300014851883617E+01
    0.102194103432729239E-06   -0.129097777832285137E+06    0.646126235331126231E+00    0.897481493879013881E+00   -0.112094148244483485E+02    0.229653128052441291E+01
    0.103782742789968431E-06   -0.129097848683730583E+06    0.925603355919267012E+00    0.878386102791052670E+00   -0.109974319709893322E+02    0.143290012418980695E+01
    0.105471778275640663E-06   -0.129097920971150888E+06    0.909176794668809185E+00    0.837483529535786531E+00   -0.112939005776411960E+02    0.180987600934250548E+01
    0.142299047402853986E-06   -0.129098559945947200E+06    0.589797902231673499E+00    0.951524123608922023E+00   -0.113237732714554475E+02    0.146612522896624853E+01
    0.198392105998919750E-06   -0.129099264575137116E+06    0.509027222044672656E+00    0.558164282958014124E-01   -0.112706473865298769E+02    0.121460787942685489E+01
    0.205289200213929279E-06   -0.129099372923761111E+06    0.681485153509268304E+00    0.850026058137382301E+00   -0.110547811363595940E+02    0.250005794346460730E+01
    0.302833969088021034E-06   -0.129100190453722666E+06    0.218289564769825500E+00    0.168335064298968884E+00   -0.112625976047490131E+02    0.116794199724069814E+01
    0.313343224932436441E-06   -0.129100298682635694E+06    0.291350462073178385E+00    0.180226735586481834E+00   -0.109997515455531474E+02    0.251480755411870938E+01
    0.312872571211250842E-06   -0.129100335676299452E+06    0.793392158040470474E+00    0.805103229211736937E+00   -0.109613629150365668E+02    0.200571744934727292E+01
    0.348802577158414091E-06   -0.129100593096486933E+06    0.622479168469537991E+00    0.916659820934470737E+00   -0.112793149961268124E+02    0.210392221322807593E+01
    0.765648112578419487E-06   -0.129102205529687897E+06    0.283696462448768782E+00    0.187427311391134610E+00   -0.109476871193973722E+02    0.213093743575864192E+01
    0.822117721481698264E-06   -0.129102387851522188E+06    0.853785454717746028E+00    0.833680711094838101E+00   -0.112935474412858152E+02    0.186785617800612824E+01
    0.162745878948614756E-05   -0.129103793634430433E+06    0.397904792870032109E+00    0.162747833347950011E+00   -0.110010116081051574E+02    0.145624511879724094E+01
    0.163771201103612115E-05   -0.129103846195188657E+06    0.771834795274034091E+00    0.842525150534229939E+00   -0.111698640279311778E+02    0.160167070367228481E+01
    0.190708012131236004E-05   -0.129104190741563711E+06    0.128344306053223778E+00    0.840176415477392885E-01   -0.112175603794696475E+02    0.199525014439397119E+01
    0.199459266647458854E-05   -0.129104320474588167E+06    0.154111294409993466E+00    0.106696307166477572E+00   -0.110970186834316209E+02    0.220456805263308153E+01
    0.214735292471212589E-05   -0.129104508066655166E+06    0.476122832208971780E+00    0.998531387544244892E-01   -0.112708859154619105E+02    0.151903507177670827E+01
    0.274154761582495669E-05   -0.129105036640052072E+06    0.826422884862849649E+00    0.819945423494150449E+00   -0.112440630853598691E+02    0.220716472432267707E+01
    0.281614374376416431E-05   -0.129105130331848311E+06    0.734861658886336921E+00    0.817788847639561833E+00   -0.109936159904164867E+02    0.171593622344124541E+01
    0.291747856692353271E-05   -0.129105241034361126E+06    0.910128877355023569E+00    0.854507683472505719E+00   -0.109593755081949897E+02    0.222317951622393428E+01
    0.294823062906136588E-05   -0.129105302005290883E+06    0.744694892346269954E+00    0.832320361557775446E+00   -0.110433856602011691E+02    0.117803707830676174E+01
    0.296853509681347718E-05   -0.129105355732079071E+06    0.914471640219034154E+00    0.870449399746805796E+00   -0.110155369522635382E+02    0.193505139013862926E+01
    0.317627324482072571E-05   -0.129105531012031483E+06    0.395782451529521129E+00    0.161435225457671555E+00   -0.111071291805085401E+02    0.110050847505143312E+01
    0.349424174426688585E-05   -0.129105761827679031E+06    0.348591508647517478E+00    0.164801888928031687E+00   -0.109659544477004349E+02    0.179314045212837603E+01
    0.366936271836271141E-05   -0.129105899630885120E+06    0.916933873684552814E+00    0.865106823784017931E+00   -0.112678489205738313E+02    0.129710673182288505E+01
    0.383433118471071518E-05   -0.129106027584927360E+06    0.861302399171287258E+00    0.804594056054333984E+00   -0.111612717792757259E+02    0.176050657476474948E+01
    0.396263479948065784E-05   -0.129106133413198433E+06    0.988420291716803345E+00    0.917612265538548133E+00   -0.111959765816719141E+02    0.114048715231691133E+01
    0.560499853307138390E-05   -0.129106866912473197E+06    0.966350062284564881E+00    0.909354153432237133E+00   -0.110643765215778860E+02    0.210334345146520185E+01
    0.573583066376620414E-05   -0.129106953060045998E+06    0.483130838936708662E+00    0.957337986200615387E-01   -0.111920373443234240E+02    0.153605561690917147E+01
    0.572499859841773084E-05   -0.129106989279492831E+06    0.163241961573948130E+00    0.109821882037691609E+00   -0.111261501392220588E+02    0.178023036146412483E+01
    0.628499319015239397E-05   -0.129107215924400662E+06    0.848519994950304723E+00    0.802653068326724783E+00   -0.112004616794239027E+02    0.152863767748766599E+01
    0.744231879845741779E-05   -0.129107593959817081E+06    0.639860641136263064E+00    0.903395419007609668E+00   -0.109754163715026589E+02    0.187587922543159569E+01
    0.788364247865831690E-05   -0.129107749174964702E+06    0.393251304408931968E+00    0.177231254817757755E+00   -0.111127096326845987E+02    0.194494112571254041E+01
    0.806542837395038304E-05   -0.129107834768534289E+06    0.626917524292234352E+00    0.910313557932811657E+00   -0.112291913593243358E+02    0.219257814380892313E+01
    0.104805633346563695E-04   -0.129108398639745108E+06    0.347849544672273414E+00    0.177046896461207193E+00   -0.110016885591208720E+02    0.144126365551394864E+01
    0.103922642341153533E-04   -0.129108421718295052E+06    0.674473606777106771E+00    0.846161591812476077E+00   -0.111113181871433646E+02    0.165377592670846019E+01
    0.119453831462106711E-04   -0.129108740284595842E+06    0.239296060455268050E+00    0.184536124913201122E+00   -0.110589249786186450E+02    0.218916139075071481E+01
    0.203589527477325184E-04   -0.129109846636390808E+06    0.380137052884512272E+00    0.153158981354267698E+00   -0.109899783919113752E+02    0.173234583449925550E+01
    0.214362553445306719E-04   -0.129109989762210607E+06    0.853592410676533242E+00    0.824612912921362629E+00   -0.110763439655665152E+02    0.237714760474376297E+01
    0.215903937921037551E-04   -0.129110044091851436E+06    0.738952900639381793E+00    0.836431101413952605E+00   -0.110656241821263901E+02    0.230308367397157721E+01
    0.236617338784526665E-04   -0.129110267313161545E+06    0.194170157986161940E+00    0.156862381930403721E+00   -0.109982189373395016E+02    0.173872244605135817E+01
    0.236894626034200749E-04   -0.129110309655550358E+06    0.204785092271282027E+00    0.149874360417207420E+00   -0.109702349893632487E+02    0.185722159392448249E+01
    0.251335603997611568E-04   -0.129110468002925147E+06    0.839263771394747393E+00    0.816554971367456806E+00   -0.112839766891727056E+02    0.171577545738017001E+01
    0.275420878749694554E-04   -0.129110691025489345E+06    0.155135862431221822E+00    0.104682541645662083E+00   -0.111047095187765308E+02    0.178269388228778136E+01
    0.537286225794073711E-04   -0.129112067486620479E+06    0.727511118572009785E+00    0.818932817899069354E+00   -0.110625993085987098E+02    0.201807272644665137E+01
    0.575136876389753659E-04   -0.129112243640814326E+06    0.912302740116624267E+00    0.841198167339988867E+00   -0.111739021086888251E+02    0.130207676767212321E+01
    0.564574026123264920E-04   -0.129112246567719063E+06    0.155883165624191689E+00    0.130195575653311885E+00   -0.110493342831032226E+02    0.157768011856377677E+01
    0.574277347924935313E-04   -0.129112320649625923E+06    0.720802431493352103E+00    0.843355374875009001E+00   -0.111542776285954695E+02    0.111290258157397348E+01
    0.660357419007927808E-04   -0.129112639987162387E+06    0.717788145355590546E+00    0.819068967418579374E+00   -0.111187900271757201E+02    0.173737053977505629E+01
    0.699977822945529495E-04   -0.129112796522003671E+06    0.865295206120351934E+00    0.832823905939822806E+00   -0.110863873104678685E+02    0.229864096461089273E+01
    0.725060528745908683E-04   -0.129112906934976199E+06    0.257958527738615717E+00    0.181948465708652640E+00   -0.110719274601921338E+02    0.127130506267948862E+01
    0.726288501107079804E-04   -0.129112950319338270E+06    0.211233374351689207E+00    0.144407325147652227E+00   -0.110504625877102516E+02    0.188751612626366305E+01
    0.720856140399433884E-04   -0.129112975303876592E+06    0.870297821931169446E+00    0.848402510450776304E+00   -0.111916154747505168E+02    0.155082685710531187E+01
    0.718639684682125126E-04   -0.129113009144893906E+06    0.208944559904995109E+00    0.170452257786319061E+00   -0.110664615997904452E+02    0.150260788417541291E+01
    0.832259400750797552E-04   -0.129113342713041551E+06    0.886047752559222856E+00    0.854811263066559857E+00   -0.111831302268728479E+02    0.141149125105540008E+01
    0.838625019051553671E-04   -0.129113397952034808E+06    0.660219697365869052E+00    0.884086327605823508E+00   -0.110059556809392429E+02    0.200001352683877265E+01
    0.106468624763361106E-03   -0.129113915295560757E+06    0.605007367146464414E+00    0.936118462145164698E+00   -0.111710470734820895E+02    0.114332618492211435E+01
    0.126373609891142029E-03   -0.129114298080238412E+06    0.153036235158845596E+00    0.121544520094016867E+00   -0.110307431320239004E+02    0.149373811908261001E+01
    0.127085026066876312E-03   -0.129114349307601660E+06    0.728962170576638369E+00    0.840572881041169118E+00   -0.112477273174077599E+02    0.181221661631349162E+01
    0.137023138523227508E-03   -0.129114539894495392E+06    0.581116276820530464E+00    0.965545219527683463E+00   -0.112151239018665443E+02    0.148320077898285274E+01
    0.141333359077066797E-03   -0.129114641837581017E+06    0.790420143187842261E+00    0.815248841680487613E+00   -0.109946593418675178E+02    0.186104188226303302E+01
    0.170638341665329684E-03   -0.129115058687595170E+06    0.123688948190784784E+00    0.904488454520864238E-01   -0.111561162140516874E+02    0.117412555755721759E+01
    0.189369497051477637E-03   -0.129115306995118328E+06    0.730407785966030620E+00    0.823121308959322784E+00   -0.111164971440516389E+02    0.127912964019153863E+01
    0.199763216457510463E-03   -0.129115453860378489E+06    0.272697569422611585E+00    0.197032724153819144E+00   -0.111081037575274149E+02    0.178685947783576049E+01
    0.196279060432292250E-03   -0.129115458669732267E+06    0.438051552640115138E+00    0.132537582825999062E+00   -0.112361940239102811E+02    0.138134844328943895E+01
    0.223968828293325293E-03   -0.129115762608649122E+06    0.634879345075238022E+00    0.890987244094817887E+00   -0.110754383153417120E+02    0.157707665491131444E+01
    0.226124245803565617E-03   -0.129115821764100401E+06    0.647106699438575683E+00    0.881052267201531514E+00   -0.112342369923847194E+02    0.143910364802841362E+01
    0.248425407985374414E-03   -0.129116049880146398E+06    0.651836482359587910E+00    0.883346756165108049E+00   -0.112280913795638622E+02    0.200302377804316434E+01
    0.248117714751557592E-03   -0.129116087401463199E+06    0.762290571214061519E+00    0.814498435481426419E+00   -0.110470642249658741E+02    0.149029903835982802E+01
    0.271701389905629762E-03   -0.129116309002147609E+06    0.865863766264751145E+00    0.839209995602606451E+00   -0.110180476311015241E+02    0.189010801182271293E+01
    0.302818770389155464E-03   -0.129116565863901662E+06    0.650337600758462919E+00    0.872466693641540503E+00   -0.111334049695605977E+02    0.165733276669692242E+01
    0.331205253774306417E-03   -0.129116785071454055E+06    0.683992916162011411E+00    0.859189106211958098E+00   -0.112176262141307497E+02    0.124594350164787171E+01
    0.335928867727042820E-03   -0.129116853393752303E+06    0.116534243882977354E+00    0.767313002406555811E-01   -0.111961250194642119E+02    0.201234860534311277E+01
    0.345175664968174682E-03   -0.129116947701806130E+06    0.770527555485859494E+00    0.820986606653125950E+00   -0.111162927988910560E+02    0.119901982967061627E+01
    0.341756213780919859E-03   -0.129116967790198949E+06    0.479305241408378935E+00    0.894746218077117073E-01   -0.111745938291162066E+02    0.122650173860308986E+01
    0.357065052731333620E-03   -0.129117095430855028E+06    0.696561610736808556E+00    0.848444917129363319E+00   -0.111179828454197711E+02    0.220833924642461454E+01
    0.359418441053566411E-03   -0.129117148569450990E+06    0.370361810665254476E+00    0.154667804591530900E+00   -0.110592692118593714E+02    0.170857179563046446E+01
    0.381294059868920272E-03   -0.129117306736659812E+06    0.872911941307578321E+00    0.817091640772207417E+00   -0.111328146858362818E+02    0.179968855235870162E+01
    0.394291359020834448E-03   -0.129117413775135414E+06    0.926438841226606691E-02    0.942304928343592585E+00   -0.112018345659190679E+02    0.153212379405942589E+01
    0.472146811412000147E-03   -0.129117814174840285E+06    0.697476802751678560E+00    0.844750674152373704E+00   -0.110416376106821996E+02    0.151635944411125356E+01
    0.493720670190240444E-03   -0.129117943534708204E+06    0.657560026472705506E+00    0.875064331585251987E+00   -0.110241325845255105E+02    0.193330797749802574E+01
    0.577931246154361387E-03   -0.129118298504704202E+06    0.332695623852786060E+00    0.185049799714929547E+00   -0.111131755243251327E+02    0.212787804516717305E+01
    0.568285972481573538E-03   -0.129118304844412996E+06    0.319752939803070291E+00    0.193086369424178311E+00   -0.110821829146655926E+02    0.192500157358883195E+01
    0.624923617433651183E-03   -0.129118534853743913E+06    0.173700394010243425E+00    0.141779861720632533E+00   -0.110464925982334936E+02    0.170449595493894401E+01
    0.636816884169170289E-03   -0.129118612559180125E+06    0.848091750698184099E+00    0.820556704941978410E+00   -0.112512558037738870E+02    0.156948994360089356E+01
    0.694702087598539375E-03   -0.129118826561089052E+06    0.928213233336318111E+00    0.877483963388562827E+00   -0.111500303832780876E+02    0.173991666415776924E+01
    0.749721685435905043E-03   -0.129119018998986736E+06    0.457430762134891256E+00    0.103514464281494273E+00   -0.112030032922466791E+02    0.183883363955526402E+01
    0.843039004784981944E-03   -0.129119293621335499E+06    0.140929852750818096E+00    0.102984151309430547E+00   -0.110175186039367468E+02    0.170906836886378133E+01
    0.860905547759972930E-03   -0.129119375564479153E+06    0.723066870643006010E+00    0.831218462350294729E+00   -0.110593108642485731E+02    0.207060429414422220E+01
    0.913942877061103050E-03   -0.129119535131027107E+06    0.353029096389160746E+00    0.180297286497488857E+00   -0.112383254009643334E+02    0.156843290098247357E+01
    0.918593003899695337E-03   -0.129119585281195221E+06    0.123389988789371741E+00    0.961717185275655917E-01   -0.111708480109613877E+02    0.165739625174883054E+01
    0.108174187669340775E-02   -0.129119952250622926E+06    0.685649545154788376E+00    0.847426543299706458E+00   -0.110740102111988232E+02    0.164169092188686072E+01
    0.116774663421452844E-02   -0.129120145257317781E+06    0.672617655519137769E+00    0.869231331377185668E+00   -0.111460580904468625E+02    0.209225800092143643E+01
    0.135690895683207818E-02   -0.129120485524015749E+06    0.206393337885882711E+00    0.146585409482138607E+00   -0.110678130772280916E+02    0.189505597449100405E+01
    0.138966182315341255E-02   -0.129120573226291250E+06    0.474670632969243500E+00    0.916920917373450772E-01   -0.110316702439719343E+02    0.184110604064252747E+01
    0.140605721751190394E-02   -0.129120636684417157E+06    0.113498768312091547E+00    0.764646652444396779E-01   -0.110244932302063319E+02    0.175481500591133144E+01
    0.154040953288199739E-02   -0.129120859202064588E+06    0.167680797490381950E+00    0.124140940058071803E+00   -0.111013323675815823E+02    0.203807682940775026E+01
    0.155982252042589421E-02   -0.129120924249533215E+06    0.512562881499732836E+00    0.461661411267077146E-01   -0.111645538909117246E+02    0.185181428860748865E+01
    0.160464656346871867E-02   -0.129121020912486871E+06    0.784974918787976539E+00    0.830121444370362171E+00   -0.111248154022111976E+02    0.188736436646407091E+01
    0.164604231533351702E-02   -0.129121111853061360E+06    0.748283434760651955E+00    0.815398615136488147E+00   -0.111881518792445007E+02    0.146332348890019603E+01
    0.170258852960054321E-02   -0.129121219404956471E+06    0.858747492741059437E+00    0.820540997663804839E+00   -0.110522527930457457E+02    0.177610474823359965E+01
    0.187250878186128876E-02   -0.129121449663694177E+06    0.981422709994861364E+00    0.919325242524755337E+00   -0.110726657258464485E+02    0.193992655382356372E+01
    0.194178370805406708E-02   -0.129121562319417135E+06    0.750810182031981355E+00    0.816875138192584394E+00   -0.110637840538958461E+02    0.170283355334676534E+01
    0.190768126509642641E-02   -0.129121566882456027E+06    0.161453149611709368E+00    0.119003880823855823E+00   -0.110463802857335178E+02    0.156720508463469521E+01
    0.191916174558651848E-02   -0.129121618882441282E+06    0.484831345849668194E+00    0.830021961540679809E-01   -0.111953331606830613E+02    0.189663836408085773E+01
    0.189703853978815643E-02   -0.129121635693455406E+06    0.857999087694739759E+00    0.836697013213115182E+00   -0.110551070337743198E+02    0.177406473651726371E+01
    0.192456704142894021E-02   -0.129121704507499351E+06    0.379308740977449821E+00    0.171074743900874987E+00   -0.110589839784328845E+02    0.178209895711184241E+01
    0.197577492946967356E-02   -0.129121797026823057E+06    0.334271542361193552E+00    0.184521334197260828E+00   -0.111812531450805253E+02    0.193163335356219457E+01
    0.200166323730232741E-02   -0.129121863062348770E+06    0.872676711361994539E+00    0.841857240476559632E+00   -0.110674731570631124E+02    0.150958087486869830E+01
    0.197627634038700798E-02   -0.129121877534317406E+06    0.324810953054165574E+00    0.189765483406872854E+00   -0.111159272691769324E+02    0.145128560249382232E+01
    0.231208323622327482E-02   -0.129122231403345533E+06    0.467856118100253682E+00    0.982672351632359192E-01   -0.110414344791233425E+02    0.178334197335427169E+01
    0.237182366634134875E-02   -0.129122322423718986E+06    0.296503688406371479E+00    0.180200189379733033E+00   -0.110717929033811551E+02    0.200909857064666042E+01
    0.264397196827421315E-02   -0.129122579670081395E+06    0.311794952286816751E+00    0.183342495446089576E+00   -0.110895172881853323E+02    0.139239389633000021E+01
    0.266425513978619339E-02   -0.129122634954484121E+06    0.484370808861348978E+00    0.769946769144156384E-01   -0.110894197193934581E+02    0.184566114971695416E+01
    0.297920900669895652E-02   -0.129122898421104139E+06    0.623922472928654215E+00    0.917920614557519166E+00   -0.111878142167198398E+02    0.145799733893623218E+01
    0.292346473315140219E-02   -0.129122900644372217E+06    0.270055674041879135E+00    0.170686750477536925E+00   -0.110749880604020792E+02    0.149822675490689816E+01
    0.313529521520073849E-02   -0.129123080552115920E+06    0.826251142141241846E+00    0.825292150870482577E+00   -0.110792716216700384E+02    0.142142074027587917E+01
    0.323914866443307742E-02   -0.129123185726516327E+06    0.825174976083184464E+00    0.822450213274323327E+00   -0.110966357881567905E+02    0.201731523247245903E+01
    0.329358049821115804E-02   -0.129123259055982227E+06    0.335843534991279391E+00    0.175805816126355069E+00   -0.110794949094380879E+02    0.197707962559925954E+01
    0.325862470220652936E-02   -0.129123277715913311E+06    0.911727043347733690E+00    0.843980785113047305E+00   -0.111685435360576051E+02    0.163810871134308300E+01
    0.338424661805386637E-02   -0.129123393368075078E+06    0.474664877465429180E+00    0.957822342678165128E-01   -0.111010888122477809E+02    0.191624614484322664E+01
    0.345467208212354862E-02   -0.129123474560524774E+06    0.884773373258560869E+00    0.849032069560698321E+00   -0.111569765762029611E+02    0.145685846979475664E+01
    0.342440000395865607E-02   -0.129123496957991636E+06    0.310396684832066005E+00    0.181572505502590825E+00   -0.111133556718471525E+02    0.134263199157147151E+01
    0.339235476207765466E-02   -0.129123518154042235E+06    0.416982420049300639E+00    0.140610794121527855E+00   -0.111043601255872133E+02    0.199220254622627624E+01
    0.340512404453206709E-02   -0.129123565668179654E+06    0.720603763001100850E-01    0.248135895748106614E-01   -0.111662581976629625E+02    0.155788362156445381E+01
    0.339132435735881727E-02   -0.129123597546463541E+06    0.668409166139943278E+00    0.864774229529175376E+00   -0.110708827511052714E+02    0.181386791967268168E+01
    0.346147812840566765E-02   -0.129123678496846725E+06    0.350433011168834463E+00    0.185353150865242372E+00   -0.111179738131211554E+02    0.163432448648384510E+01
    0.341885049328267228E-02   -0.129123693714204550E+06    0.771763766193294898E+00    0.812140083220498576E+00   -0.111442144336946498E+02    0.188872419038708594E+01
    0.390930152157493386E-02   -0.129124001822879669E+06    0.404430589373825367E+00    0.151055084852025706E+00   -0.110619871984351335E+02    0.158439193569596548E+01
    0.385696948509424171E-02   -0.129124014868976810E+06    0.109774286887360642E+00    0.728353639072906178E-01   -0.111233916515878573E+02    0.199729069487476085E+01
    0.418570883040289467E-02   -0.129124218457568859E+06    0.140810753568176156E+00    0.101772851442693213E+00   -0.111386975122814036E+02    0.132237859806306268E+01
    0.418520501750787796E-02   -0.129124258216824339E+06    0.652356334327438225E+00    0.892046750109688924E+00   -0.111655347967038896E+02    0.152525964951769222E+01
    0.422475910845005256E-02   -0.129124317029928425E+06    0.992579942689074124E+00    0.932703169132072074E+00   -0.111094897892514783E+02    0.161409007436825469E+01
    0.418578397940651097E-02   -0.129124338493475952E+06    0.700621634480528499E+00    0.841982106041467615E+00   -0.111847822955569782E+02    0.143229448210515509E+01
    0.422894908066667654E-02   -0.129124399012477370E+06    0.147685566052600942E+00    0.115357968888174317E+00   -0.110890856610721915E+02    0.150260072329301408E+01
    0.472321947840486419E-02   -0.129124660086761476E+06    0.846989601158651961E+00    0.819291986886229173E+00   -0.112085917577639123E+02    0.165620561026675617E+01
    0.501213907047378532E-02   -0.129124818831009849E+06    0.200321875711840430E+00    0.156151890826828399E+00   -0.110886749425139683E+02    0.151379288655481292E+01
    0.513726790375355902E-02   -0.129124908148245391E+06    0.716970376893613537E+00    0.831293812120078468E+00   -0.111850283522872278E+02    0.172309245866597349E+01
    0.503820534352924631E-02   -0.129124909205313626E+06    0.308605048329272436E+00    0.190282964024723583E+00   -0.111268945416634359E+02    0.179955971512578050E+01
    0.494990990392596506E-02   -0.129124913844191935E+06    0.229289290267740170E+00    0.175500103314865874E+00   -0.111090307702267594E+02    0.168334302458004514E+01
    0.514409210658200913E-02   -0.129125030803226371E+06    0.927626931753589790E+00    0.859111037099392738E+00   -0.111077042445081062E+02    0.182138589455579125E+01
    0.507335698693371639E-02   -0.129125043110893748E+06    0.312612050214647608E+00    0.174562229206908726E+00   -0.111439817693116900E+02    0.137742940476907005E+01
    0.519154016939068173E-02   -0.129125129166262079E+06    0.874257151642235941E+00    0.840182603592773747E+00   -0.111881361250583460E+02    0.145235329063232599E+01
    0.509058635873176329E-02   -0.129125129891485762E+06    0.940597662269380685E+00    0.878403229721039680E+00   -0.111344567948878161E+02    0.135112670410376934E+01
    0.526428073293698420E-02   -0.129125236994488208E+06    0.968184798663922930E+00    0.900695280764589601E+00   -0.110646421003014304E+02    0.169966663498422399E+01
    0.516047963628439837E-02   -0.129125237164497434E+06    0.655546438277033960E+00    0.885235951926297226E+00   -0.110634348802434328E+02    0.171854925940409697E+01
    0.513572786465673736E-02   -0.129125267548599819E+06    0.885663757762678028E+00    0.834658527938906603E+00   -0.110966546804259174E+02    0.189052140901417420E+01
    0.552100985838736239E-02   -0.129125452227019385E+06    0.647238651713911262E+00    0.888866922251005720E+00   -0.111216837279733287E+02    0.137017199827306158E+01
    0.542860438840336423E-02   -0.129125458469605961E+06    0.771399280821870925E+00    0.824128046592404018E+00   -0.112068058338292680E+02    0.167612299270877729E+01
    0.556091748554295683E-02   -0.129125546631661622E+06    0.964453817201834651E+00    0.903243508807750950E+00   -0.111487393673716397E+02    0.173942435261450612E+01
    0.567285126704509743E-02   -0.129125626489162183E+06    0.781442931552945308E+00    0.819955483870375756E+00   -0.111972200059119888E+02    0.143083224034218537E+01
    0.577680492442080203E-02   -0.129125702806938760E+06    0.779197350970889158E+00    0.813106287191115884E+00   -0.110929133630017613E+02    0.177256799150149491E+01
    0.576692037535263963E-02   -0.129125739381856736E+06    0.141472877829793814E+00    0.100741302661393112E+00   -0.111022354304177799E+02    0.147264627748511456E+01
    0.579141946847558115E-02   -0.129125787860281896E+06    0.760006576546740420E+00    0.830913948740628627E+00   -0.110831954638846106E+02    0.166518746441453014E+01
    0.588196842658859128E-02   -0.129125858888386181E+06    0.290287985570858664E+00    0.175992090984883220E+00   -0.111884396596160176E+02    0.147284524795588867E+01
    0.579947223316608102E-02   -0.129125870639279819E+06    0.773855150302702244E+00    0.813846714626692669E+00   -0.111019276706765204E+02    0.180638445558082306E+01
    0.604920850497154324E-02   -0.129125994960317272E+06    0.921289164602515975E+00    0.855003970982107231E+00   -0.111316247403262878E+02    0.182296013516422328E+01
    0.624755739881934641E-02   -0.129126099486583902E+06    0.953604552517966053E+00    0.885149491819088863E+00   -0.111250448431629039E+02    0.189188041626840819E+01
    0.623471500592370515E-02   -0.129126135371180222E+06    0.316129088028138217E+00    0.182995864229778260E+00   -0.111562264117531598E+02    0.139618972408811004E+01
    0.655873029635552305E-02   -0.129126276699505237E+06    0.234401457006731873E+00    0.159779101065165019E+00   -0.111352884914751993E+02    0.163080267431049286E+01
    0.683091215977814272E-02   -0.129126398021874775E+06    0.759205357769323963E+00    0.825552197989514069E+00   -0.110730994696123641E+02    0.160618070814207137E+01
    0.673030891566280334E-02   -0.129126408347529330E+06    0.273065268979816977E+00    0.176611037733003767E+00   -0.111744919018138393E+02    0.179685637815317456E+01
    0.667689111116546909E-02   -0.129126432410394948E+06    0.728687111915400143E+00    0.838830090287147501E+00   -0.111495836459194511E+02    0.183088470297662642E+01
    0.654638945069251511E-02   -0.129126432932779077E+06    0.756218070735872661E+00    0.823468518022219875E+00   -0.110980430817907525E+02    0.147302656950659472E+01
    0.651861240413834260E-02   -0.129126464428505235E+06    0.613989068041779107E+00    0.918481087861232726E+00   -0.111428975677546003E+02    0.161046940340073474E+01
    0.658359210734571921E-02   -0.129126524266460256E+06    0.736263458879820254E+00    0.828223188404424659E+00   -0.112014415804702754E+02    0.155201121573360634E+01
    0.645855110878137267E-02   -0.129126525915453705E+06    0.188656874999165919E+00    0.145484367150971960E+00   -0.111957495400471849E+02    0.149613592775754589E+01
    0.641199626639832061E-02   -0.129126551446746482E+06    0.764204701437039224E+00    0.814917911259369854E+00   -0.111350801611075045E+02    0.154151748746808370E+01
    0.637997748472509969E-02   -0.129126581434578169E+06    0.860491621098282367E+00    0.828737704511652962E+00   -0.111423545760852889E+02    0.138653549761955364E+01
    0.639455192464283284E-02   -0.129126625998173680E+06    0.733145256476238516E+00    0.838054863648965309E+00   -0.111205360798348707E+02    0.181520509715265455E+01
    0.681067887441506089E-02   -0.129126792089047682E+06    0.605253637933228394E+00    0.932039212354966229E+00   -0.111204511747686396E+02    0.143702212746256053E+01
    0.667868876393261195E-02   -0.129126792948792470E+06    0.233283462519659313E+00    0.171109157379170485E+00   -0.111538068884869794E+02    0.184150514102559271E+01
    0.655473426561075431E-02   -0.129126795480595960E+06    0.860466387806762767E+00    0.821058441822795193E+00   -0.111272396917100398E+02    0.169729309920032323E+01
    0.643000652226128309E-02   -0.129126797056546755E+06    0.912105553346081455E+00    0.848722090830937081E+00   -0.111692423133077074E+02    0.155992096106238720E+01
    0.639653584940621817E-02   -0.129126826618582141E+06    0.655004236061460077E+00    0.883730131601777491E+00   -0.110744075373513393E+02    0.175775042104303236E+01
    0.633316139432128777E-02   -0.129126846704525291E+06    0.213855025121914816E+00    0.166355665527422536E+00   -0.111556831304725605E+02    0.159428992528802893E+01
    0.634533741615046776E-02   -0.129126890545997609E+06    0.685601155629824488E+00    0.858620186804259333E+00   -0.112018513191390010E+02    0.161998009201192206E+01
    0.629934775160568942E-02   -0.129126915997634642E+06    0.923960758579903119E+00    0.863493289674254649E+00   -0.111864185778140541E+02    0.146504631733306945E+01
    0.617938669065613150E-02   -0.129126917543492658E+06    0.749141097441617054E+00    0.831521321808928682E+00   -0.111767952075562373E+02    0.171708309879081877E+01
    0.610847520593340351E-02   -0.129126934459811368E+06    0.715539444924647605E+00    0.836499304120847054E+00   -0.110851101965345382E+02    0.165756787952218598E+01
    0.614353623609329141E-02   -0.129126985906462738E+06    0.936209568706637407E+00    0.877634662924045461E+00   -0.111540763029896102E+02    0.172056258336897061E+01
    0.605116462783681589E-02   -0.129126995606949524E+06    0.938902828888681484E+00    0.873146576499809757E+00   -0.111733952487939661E+02    0.178582744174663244E+01
    0.602999355021750089E-02   -0.129127028597323806E+06    0.675986094033218965E+00    0.866288748005781151E+00   -0.111251386178393581E+02    0.188727581787026644E+01
    0.593293827390986832E-02   -0.129127036144608282E+06    0.878736500424244893E+00    0.841356654430137074E+00   -0.111741684924853342E+02    0.168863540775133814E+01
    0.591255927413930280E-02   -0.129127069262999546E+06    0.778113002254353758E+00    0.814225789202227213E+00   -0.111302842473726340E+02    0.151005750061150779E+01
    0.594079326857724441E-02   -0.129127118790784269E+06    0.404962002058684156E+00    0.154932320754863989E+00   -0.111331512106569104E+02    0.153012092395130961E+01
    0.591203456708493894E-02   -0.129127149085502679E+06    0.695885233092398914E+00    0.855562168526096234E+00   -0.110974879569231835E+02    0.179145711916305572E+01
    0.581644537235475809E-02   -0.129127156484070336E+06    0.243859143493504432E+00    0.170676397280540765E+00   -0.111705699612768719E+02    0.178931439350747867E+01
    0.579711958544898605E-02   -0.129127189827783543E+06    0.973393719718029349E+00    0.911285254513222398E+00   -0.111368887952810152E+02    0.167794169619934941E+01
    0.590970132350981600E-02   -0.129127268296026887E+06    0.856072428064841962E+00    0.828293082707100004E+00   -0.111496819028688599E+02    0.140729922689178899E+01
    0.594887379855534981E-02   -0.129127321509289730E+06    0.298260460474190303E+00    0.177732770389871259E+00   -0.110865371041903629E+02    0.167825375098956142E+01
    0.584765460971328841E-02   -0.129127327186760434E+06    0.990965630781862283E+00    0.928503043001575157E+00   -0.111433846657813973E+02    0.147240986889779490E+01
    0.578163392873432165E-02   -0.129127344478100291E+06    0.787329038550501625E+00    0.815397981349637591E+00   -0.111628381593694073E+02    0.179866510535844881E+01
    0.592532594167892619E-02   -0.129127433576835072E+06    0.861682287211060993E+00    0.832426725023450609E+00   -0.110896972142940502E+02    0.176671141521643937E+01
    0.582984566870527014E-02   -0.129127441086497740E+06    0.412900204501930990E+00    0.146265525309298761E+00   -0.110999860400182371E+02    0.156445347252720524E+01
    0.587250177954001633E-02   -0.129127495666922710E+06    0.115626863564476476E+00    0.779845625365915979E-01   -0.111136994487863827E+02    0.185377049352655843E+01
    0.579497703480920043E-02   -0.129127509088469262E+06    0.920917576989128905E+00    0.862387841791130150E+00   -0.111793911439661748E+02    0.147670073829886728E+01
    0.571145456110605954E-02   -0.129127520052902502E+06    0.687038858446531231E+00    0.861006876640478369E+00   -0.111823357307601903E+02    0.163670733502978072E+01
    0.561339321296014122E-02   -0.129127525416216522E+06    0.185001625903860017E+00    0.140360598636778744E+00   -0.111592566639846815E+02    0.142150498475128573E+01
    0.552619992189255522E-02   -0.129127534106250067E+06    0.687582175550247143E+00    0.850651906620194631E+00   -0.111551719770278179E+02    0.155985541334584332E+01
    0.563009488330865320E-02   -0.129127611358031907E+06    0.877554233385578808E+00    0.829335898048479958E+00   -0.111388346988761260E+02    0.172265477624058017E+01
    0.552308277918020681E-02   -0.129127612977799334E+06    0.360818213731513793E+00    0.174066259047486460E+00   -0.111092428109273413E+02    0.155218529448561293E+01
    0.546041324728813171E-02   -0.129127630154387967E+06    0.918667134134272256E+00    0.861512293419929298E+00   -0.111290170608890051E+02    0.144248327794108189E+01
    0.536228325807712024E-02   -0.129127633885172283E+06    0.144337974378989681E+00    0.110310191850877953E+00   -0.110916547872816516E+02    0.171817187209530386E+01
    0.537277782084849727E-02   -0.129127677795561249E+06    0.388293558501266733E+00    0.163142226290760445E+00   -0.111472160202192967E+02    0.150403348687510108E+01
    0.540879706299548634E-02   -0.129127731158869137E+06    0.835565502551699812E+00    0.827499160757955154E+00   -0.111324926026772779E+02    0.176453948542786820E+01
    0.535146755709460346E-02   -0.129127749847107611E+06    0.644628620258800300E+00    0.891286314654288758E+00   -0.111326755547162008E+02    0.186123976881096853E+01
    0.525486084821282125E-02   -0.129127753412489750E+06    0.873112933347996445E+00    0.836720007494977658E+00   -0.110891402390590645E+02    0.170898404837323969E+01
    0.518170680708479343E-02   -0.129127765374444425E+06    0.797879764232975353E+00    0.817840422378384613E+00   -0.111839266146250722E+02    0.149965649664157308E+01
    0.508789906180817219E-02   -0.129127768835416282E+06    0.445127203056260856E+00    0.121411224336577306E+00   -0.111115956586605851E+02    0.178245851720407722E+01
    0.506797380852773861E-02   -0.129127800987630428E+06    0.659008931083986393E+00    0.883605048911870861E+00   -0.111132244015378543E+02    0.168851192965722241E+01
    0.502206423116091649E-02   -0.129127822787542769E+06    0.686190272677676294E+00    0.852983205018622570E+00   -0.111386980810989034E+02    0.151294831856984224E+01
    0.508762973578027154E-02   -0.129127888729544225E+06    0.628366935094121004E+00    0.905098388979758250E+00   -0.110991190254771919E+02    0.169701627758638729E+01
    0.505994562198822800E-02   -0.129127917816914749E+06    0.116865308598750689E+00    0.774151430426655018E-01   -0.111485445301992350E+02    0.145912303837523227E+01
    0.503078928158616056E-02   -0.129127946259214819E+06    0.425664820335832084E+00    0.130977782608402732E+00   -0.111459206063179881E+02    0.158101971721302448E+01
    0.505433044620086369E-02   -0.129127995596221415E+06    0.696719980637626191E+00    0.849811355706378890E+00   -0.111432436404363937E+02    0.183607467889510878E+01
    0.524719381906202723E-02   -0.129128110492287655E+06    0.948372169601505721E+00    0.887220868041819655E+00   -0.111527591849377128E+02    0.160859357532065639E+01
    0.525455960115079300E-02   -0.129128153297831828E+06    0.887001188638162075E-01    0.462868059704367868E-01   -0.111296992004784254E+02    0.178821430007136661E+01
    0.516077996848910217E-02   -0.129128157280891057E+06    0.712249553973409943E+00    0.846295092869062682E+00   -0.111160468996360624E+02    0.151792366441988635E+01
    0.526497519838626648E-02   -0.129128237258311390E+06    0.334999139710098259E+00    0.181973327706564159E+00   -0.111135034030607986E+02    0.165320711568425516E+01
    0.524451944634994789E-02   -0.129128269472674277E+06    0.877060234309265718E+00    0.839555369620659131E+00   -0.111644372242757068E+02    0.151639540053572608E+01
    0.519482048338908934E-02   -0.129128290429578163E+06    0.638200029995036333E+00    0.901886357677478490E+00   -0.111326132297451181E+02    0.169561247540260718E+01
    0.510561317067888699E-02   -0.129128295786553936E+06    0.973623411670370698E-01    0.572284685913839811E-01   -0.111810095709483939E+02    0.153239212115236434E+01
    0.504887856808322946E-02   -0.129128313437747362E+06    0.238732141936850051E+00    0.165137518810129696E+00   -0.111147644308876590E+02    0.168334709791050874E+01
    0.496878088706120564E-02   -0.129128321454472883E+06    0.636747349823715614E+00    0.900974615232411069E+00   -0.111546690842837855E+02    0.177850163248309956E+01
    0.487594944957781863E-02   -0.129128323735130311E+06    0.215565000450196387E+00    0.164534774343787271E+00   -0.111254079022666357E+02    0.160433666852907497E+01
    0.483903196392198882E-02   -0.129128348534828096E+06    0.344805591181266746E+00    0.177692313769858612E+00   -0.111754877975592670E+02    0.160776661965267875E+01
    0.475474468615116885E-02   -0.129128353391443132E+06    0.901604436830662381E+00    0.846657089874348734E+00   -0.111543245381106608E+02    0.147918689548611537E+01
    0.466975032352576723E-02   -0.129128357316654234E+06    0.147351040122646854E+00    0.113371566149167824E+00   -0.111325737102894493E+02    0.150894748850233729E+01
    0.459098082788509092E-02   -0.129128363292820024E+06    0.171748664331989098E+00    0.128914156862058066E+00   -0.111571033352152842E+02    0.172337231538104474E+01
    0.454005381524970591E-02   -0.129128380983172683E+06    0.736972861706795990E+00    0.835499225042178773E+00   -0.111437709182292384E+02    0.172737245782412097E+01
    0.445718087481550371E-02   -0.129128384138392212E+06    0.299931507324914137E+00    0.175661144429559490E+00   -0.111361192305533034E+02    0.157365225668541475E+01
    0.438052567187141237E-02   -0.129128389442908752E+06    0.214627023963980534E+00    0.164104928216612211E+00   -0.111558863148391545E+02    0.166154787043774865E+01
    0.433269892496714742E-02   -0.129128407486753844E+06    0.857433437530021325E+00    0.824552985214588974E+00   -0.111388694039936293E+02    0.150865192242922785E+01
    0.435630753873923575E-02   -0.129128458355049079E+06    0.869689512944895465E-01    0.442059085307759322E-01   -0.111358968123852513E+02    0.147240719392823682E+01
    0.430444912393899981E-02   -0.129128474403777102E+06    0.962430663111194629E+00    0.893121623583999935E+00   -0.111381484178746391E+02    0.158295615490540320E+01
    0.423960356345396729E-02   -0.129128484044972924E+06    0.279525061234518368E+00    0.181213358393402107E+00   -0.111027810059170164E+02    0.162275002097441989E+01
    0.417841448550084881E-02   -0.129128494969171341E+06    0.867240071119621647E+00    0.831520357083328387E+00   -0.111755331401760429E+02    0.152099360343409540E+01
    0.411590367648177659E-02   -0.129128504822272516E+06    0.266382309319341204E+00    0.180254452138855908E+00   -0.111060653853119096E+02    0.168436387443041014E+01
    0.408621860851678641E-02   -0.129128530345435167E+06    0.852389950351855830E+00    0.831975328568331784E+00   -0.111420009490265315E+02    0.156308057836775038E+01
    0.400702386732995110E-02   -0.129128531203017643E+06    0.847034834885918242E+00    0.824301150649461079E+00   -0.110968183980999644E+02    0.168773652199999358E+01
    0.392868073338999493E-02   -0.129128531712798111E+06    0.305131803720027461E+00    0.179001101885588793E+00   -0.111693034940353346E+02    0.153496115744303796E+01
    0.389471752815912951E-02   -0.129128554347751633E+06    0.370739100419350820E+00    0.171386549354975076E+00   -0.111325945583821113E+02    0.162588974814889964E+01
    0.383346835239065575E-02   -0.129128562645378435E+06    0.199722100479547832E+00    0.151501806312733300E+00   -0.110993482264619576E+02    0.170970716280182744E+01
    0.383316876008771810E-02   -0.129128602489068813E+06    0.116304194785544962E+00    0.778700325416599171E-01   -0.111433630334305427E+02    0.146871023872729856E+01
    0.381737649473125025E-02   -0.129128634232251934E+06    0.847563975726299379E+00    0.828476805622021861E+00   -0.111398039144889420E+02    0.175171286129506987E+01
    0.375085652747266700E-02   -0.129128639073884013E+06    0.834687412468305134E+00    0.825873398984470652E+00   -0.111061153300645685E+02    0.160077648362410940E+01
    0.371552617344687820E-02   -0.129128660146047521E+06    0.436904145774704156E+00    0.127475059330440232E+00   -0.111127874743728086E+02    0.161308629184402386E+01
    0.364550578196581269E-02   -0.129128662095674197E+06    0.722712911330051111E+00    0.833035528920478163E+00   -0.111249357110220419E+02    0.175354786373555371E+01
    0.549538391084731723E-02   -0.129129483055674908E+06    0.905537478231562165E+00    0.853669770645340886E+00   -0.111357439601732917E+02    0.162761726126222905E+01
    0.434496245168073357E-02   -0.129129013273007004E+06    0.663868838650427451E+00    0.872906643228880341E+00   -0.111750049701800975E+02    0.160349975839302483E+01
    0.434679617530605873E-02   -0.129129014116897742E+06    0.863396754113535780E+00    0.826022598442552658E+00   -0.111277588037486002E+02    0.165873278432200766E+01
    0.406682500654271563E-02   -0.129128880963969801E+06    0.658279002348832853E+00    0.882371098678871646E+00   -0.111094564114044676E+02    0.160594661181551568E+01
    0.644514077234769906E-02   -0.129129801891729614E+06    0.634500459490290547E+00    0.900762712248166841E+00   -0.111522279516350853E+02    0.169227178003823142E+01
    0.564092575369693448E-02   -0.129129535335158638E+06    0.736154039229651058E+00    0.832256113722591118E+00   -0.111384847319480631E+02    0.173116531279817965E+01
    0.656193981324869509E-02   -0.129129837811298072E+06    0.699166373787342921E+00    0.850961211781443017E+00   -0.111368561383860296E+02    0.169020177834986773E+01
    0.698777158525310405E-02   -0.129129963562183155E+06    0.702821784305782904E+00    0.848788693233729741E+00   -0.111407925064357958E+02    0.158216284756942382E+01
    0.443366986027422111E-02   -0.129129053694077127E+06    0.972449795754248059E+00    0.905794500892177279E+00   -0.111596526783302217E+02    0.157228560277367091E+01
    0.506404159767773893E-02   -0.129129319568571504E+06    0.812447784580761057E+00    0.818814645583580414E+00   -0.111426690309881558E+02    0.151598894200223455E+01
    0.535193175040677045E-02   -0.129129430153914262E+06    0.770054913249342055E+00    0.825565228338592028E+00   -0.111427728473391916E+02    0.163998249151498232E+01
    0.430949054925891008E-02   -0.129128996878163307E+06    0.719432641373708437E+00    0.841019559564860741E+00   -0.111113836410162268E+02    0.157455016863184194E+01
    0.484748770164088964E-02   -0.129129232159915264E+06    0.973176055111791172E+00    0.908171205995889186E+00   -0.111464328022008345E+02    0.164891609178321952E+01
    0.696077720227905507E-02   -0.129129955821043317E+06    0.812736405804549977E+00    0.818502110131566152E+00   -0.111413604283210237E+02    0.165021733907672541E+01
    0.501061155556138584E-02   -0.129129298354722356E+06    0.828676385117298020E+00    0.821157350530719921E+00   -0.111119666972719973E+02    0.170572510411436440E+01
    0.457273729583294961E-02   -0.129129115462765578E+06    0.818539401851982373E+00    0.816535855622423701E+00   -0.111341268791801671E+02    0.156438330094126776E+01
    0.637710663344932122E-02   -0.129129780667750631E+06    0.740309561093174806E+00    0.832321784017554300E+00   -0.111437764049646795E+02    0.162752148321521339E+01
    0.546011219406229709E-02   -0.129129470177448922E+06    0.708185002962151589E+00    0.840877606369332065E+00   -0.111451037836000584E+02    0.166505347057051778E+01
    0.602537050675235834E-02   -0.129129667196717870E+06    0.812355006956514414E+00    0.818551903826598704E+00   -0.111205203658247544E+02    0.167213253833019193E+01
    0.604636818144786529E-02   -0.129129674154355511E+06    0.684636282234058036E+00    0.856866843912864384E+00   -0.111516458981873132E+02    0.157962586469277122E+01
    0.520235320352036359E-02   -0.129129373460897827E+06    0.822888733071100331E+00    0.819286297278188247E+00   -0.111660805833381254E+02    0.160544211793781288E+01
    0.443963698144199913E-02   -0.129129056383997435E+06    0.863091707147442544E+00    0.834281613617508633E+00   -0.111473306097741016E+02    0.160198400945616570E+01
    0.533284738309274323E-02   -0.129129423009400605E+06    0.760024204160262618E+00    0.821890354546119473E+00   -0.111554589127318309E+02    0.155437273862430736E+01
    0.445986884070217332E-02   -0.129129065477488475E+06    0.841740678882771820E+00    0.823239954356671078E+00   -0.111671194351704717E+02    0.168051041406354895E+01
    0.731666199445956365E-02   -0.129130055547197670E+06    0.687812769306297311E+00    0.856986647900499832E+00   -0.111304161915573108E+02    0.161535738994524536E+01
    0.389087530651669074E-02   -0.129128792507066799E+06    0.752357990892566719E+00    0.826318287473788216E+00   -0.111104259105413377E+02    0.154584628374368660E+01
    0.441964399947968132E-02   -0.129129047357072588E+06    0.675763117898542154E+00    0.864531119413400440E+00   -0.111628966818513859E+02    0.151082154121249990E+01
    0.574842308333595783E-02   -0.129129573089914746E+06    0.773077273730271131E+00    0.819635187980306212E+00   -0.111331174260736905E+02    0.171425112041363148E+01
    0.470823447614400568E-02   -0.129129173864756958E+06    0.729686811924958323E+00    0.837002231158018861E+00   -0.111136313635123933E+02    0.164984840984989312E+01
    0.467773760268448257E-02   -0.129129160867922736E+06    0.760821159157655358E+00    0.820766230707572819E+00   -0.111380584821494608E+02    0.154671466839665750E+01
    0.377360012677615403E-02   -0.129128731297746272E+06    0.739176455090747475E+00    0.825542540811305292E+00   -0.111222441214665402E+02    0.168945241522679357E+01
    0.388631079377737372E-02   -0.129128790159424243E+06    0.103155705926507177E+00    0.630133606705788468E-01   -0.111310906565131500E+02    0.149218382961645468E+01
    0.466276655517235475E-02   -0.129129154456679797E+06    0.364888234383736465E+00    0.166993904848340785E+00   -0.111542692965559116E+02    0.160788627905359949E+01
    0.677659891686511074E-02   -0.129129902189455926E+06    0.135439275449792618E+00    0.986593947580414465E-01   -0.111268610659540812E+02    0.163789180560673819E+01
    0.423037309245445116E-02   -0.129128959819154494E+06    0.330139906636804703E+00    0.178517418011593515E+00   -0.111640752384150108E+02    0.166745157930731303E+01
    0.386904297845986527E-02   -0.129128781253141249E+06    0.400314216902648567E+00    0.153685516699357372E+00   -0.111322693990168684E+02    0.174376956329509092E+01
    0.426757060183107894E-02   -0.129128977328212350E+06    0.276821360627349855E+00    0.182242113418178253E+00   -0.111275265771392124E+02    0.171087538637745196E+01
    0.532112265978646436E-02   -0.129129418607387837E+06    0.180076051607581611E+00    0.139831406261075375E+00   -0.111225762739626628E+02    0.164055454345074958E+01
    0.380388404325578697E-02   -0.129128747284095851E+06    0.235248965197731696E+00    0.166476061160045180E+00   -0.111047989611031781E+02    0.162044868085067417E+01
    0.596895435468635348E-02   -0.129129648382297295E+06    0.199723983436179642E+00    0.151066467403921462E+00   -0.111336338561264281E+02    0.156988480069200609E+01
    0.610168097038731125E-02   -0.129129692367377371E+06    0.193426114561342843E+00    0.147256230786108416E+00   -0.111246458321940551E+02    0.161882490976044879E+01
    0.415680862121553009E-02   -0.129128924734016095E+06    0.340042755418186793E+00    0.172870225476874140E+00   -0.111283916674536876E+02    0.161274942152936562E+01
    0.394827415416018623E-02   -0.129128821795893979E+06    0.110999397138457551E+00    0.756072746223217101E-01   -0.111554634236463492E+02    0.162328170908728797E+01
    0.487012709608529784E-02   -0.129129241478842130E+06    0.173297555300090250E+00    0.133049702969695843E+00   -0.111415840752792796E+02    0.151531278673437764E+01
    0.408377960450515779E-02   -0.129128889284639605E+06    0.393516879818714249E+00    0.159540562635477473E+00   -0.111384939899211020E+02    0.165312366150651213E+01
    0.368496627988120027E-02   -0.129128683761523018E+06    0.277893210796917811E+00    0.178000450616802530E+00   -0.111377575158155420E+02    0.149238906555812179E+01
    0.623198445925033165E-02   -0.129129734628402832E+06    0.161552018736146857E+00    0.123965599145512556E+00   -0.111385924988194596E+02    0.168200278409844439E+01
    0.450265244703957398E-02   -0.129129084572084714E+06    0.761388566140681483E-01    0.313980679556880235E-01   -0.111301062997214419E+02    0.159994106690280358E+01
    0.500823577394891341E-02   -0.129129297406197409E+06    0.340084020988422331E+00    0.175449409461226447E+00   -0.111222653705590240E+02    0.160796117927752391E+01
    0.450831830120049497E-02   -0.129129087087176624E+06    0.194159448047500904E+00    0.148268651328578610E+00   -0.111185014060497434E+02    0.156217413775459013E+01
