-2589.86 7.96873e-07 3.6776e-07
-2589.84 7.96847e-07 8.6756e-07
-2588.96 7.95771e-07 3.1525e-07
-2585.92 7.91935e-07 2.8898e-07
-2583.1 7.88399e-07 1.4781e-07
-2547.05 7.44159e-07 5.5868e-07
-2543.98 7.40527e-07 2.7758e-07
-2523.01 7.1548e-07 1.348e-06
-2522.1 7.14406e-07 5.1093e-07
-2522.08 7.14382e-07 5.1266e-07
-2522.06 7.14352e-07 4.6972e-07
-2510.15 7.00604e-07 2.8764e-07
-2510.12 7.00574e-07 2.3176e-07
-2463.21 6.49831e-07 1.2513e-07
-2453.37 6.38438e-07 3.099e-07
-2453.34 6.38406e-07 2.4257e-07
-2450.22 6.34852e-07 2.4179e-07
-2425.5 6.0766e-07 1.0178e-07
-2421.47 6.03061e-07 9.8447e-07
-2419.3 6.00586e-07 1.412e-06
-2411.35 5.91578e-07 3.336e-07
-2403.36 5.82322e-07 5.4963e-07
-2401.35 5.80003e-07 4.074e-08
-2384.56 5.66475e-07 3.6435e-07
-2383.4 5.6555e-07 4.5947e-07
-2369.57 5.54703e-07 1.7436e-07
-2369.55 5.54681e-07 1.2694e-07
-2369.52 5.54658e-07 9.779e-08
-2358.51 5.43539e-07 2.5154e-07
-2356.47 5.41519e-07 1.5005e-07
-2329.57 5.1596e-07 2.2023e-07
-2327.57 5.14137e-07 9.899e-08
-2291.64 4.78456e-07 1.0773e-07
-2287.66 4.75019e-07 5.6142e-07
-2286.66 4.74173e-07 3.199e-07
-2254.96 4.47851e-07 2.1479e-07
-2253.93 4.47047e-07 1.7549e-07
-2225.87 4.23049e-07 2.7158e-07
-2210.91 4.09774e-07 1.6364e-07
-2178.94 3.80633e-07 1.9655e-07
-2162.99 3.66522e-07 1.3418e-07
-2148.1 3.53973e-07 2.4172e-07
-2113.13 3.22991e-07 5.6583e-07
-2110.15 3.20399e-07 2.3847e-07
-2108.15 3.18669e-07 2.839e-07
-2099.17 3.10393e-07 1.5251e-07
-2063.29 2.75003e-07 2.8352e-07
-2059.27 2.71214e-07 9.23e-08
-2047.33 2.6072e-07 4.903e-07
-2025.61 2.42009e-07 7.2399e-07
-2025.58 2.41979e-07 3.2908e-07
-2024.38 2.4098e-07 5.4464e-07
-2023.39 2.40153e-07 1.0888e-07
-2014.46 2.33661e-07 1.2842e-07
-1983.76 2.11072e-07 4.566e-07
-1971.53 2.02178e-07 1.4604e-07
-1944.6 1.82898e-07 2.1878e-07
-1926.65 1.70173e-07 8.635e-08
-1903.71 1.55124e-07 3.2338e-07
-1891.77 1.47491e-07 2.4213e-07
-1811.96 1.004e-07 4.0576e-07
-1811.03 9.98887e-08 1.9128e-07
-1797.1 9.19345e-08 1.7173e-07
-1784.03 8.46773e-08 1.8535e-07
-1783.06 8.41329e-08 1.699e-06
-1750.13 6.61751e-08 6.066e-07
-1749.43 6.58023e-08 1.66e-06
-1729.49 5.54222e-08 1.3257e-07
-1729.21 5.52698e-08 6.1981e-07
-1712.51 4.64432e-08 2.4661e-07
-1712.29 4.63245e-08 2.9639e-07
-1712.25 4.63057e-08 1.2857e-07
-1673.38 2.56184e-08 3.73e-08
-1637.44 3.10324e-09 4.2956e-07
-1636.47 2.51869e-09 1.5844e-07
-1617.56 -9.08188e-09 6.1667e-07
-1605.53 -1.62608e-08 1.2411e-07
-1587.84 -2.67713e-08 4.2734e-07
-1543.69 -5.14571e-08 2.6475e-07
-1542.71 -5.19839e-08 1.6416e-07
-1509.79 -6.86397e-08 2.0015e-07
-1492.86 -7.66958e-08 6.068e-08
-1492.19 -7.69929e-08 2.3375e-07
-1481.88 -8.14477e-08 6.6234e-07
-1473.9 -8.48188e-08 1.1609e-07
-1467.92 -8.73176e-08 9.787e-08
-1463.91 -8.89784e-08 4.0475e-07
-1461.97 -8.97778e-08 3.0544e-07
-1429.01 -1.02852e-07 3.9395e-07
-1408.08 -1.1065e-07 9.717e-08
-1389.17 -1.17416e-07 2.212e-07
-1389.13 -1.17433e-07 2.5333e-07
-1388.16 -1.17767e-07 1.2716e-07
-1387.21 -1.18103e-07 2.596e-08
-1387.16 -1.18118e-07 6.128e-08
-1386.2 -1.18409e-07 1.486e-06
-1385.17 -1.18718e-07 1.25371e-06
-1384.21 -1.19009e-07 2.5119e-07
-1376.18 -1.21356e-07 5.0561e-07
-1374.16 -1.21939e-07 2.3097e-07
-1336.27 -1.32325e-07 3.299e-08
-1305.6 -1.42401e-07 1.1408e-07
-1273.73 -1.52086e-07 2.3959e-07
-1255.53 -1.57347e-07 1.0123e-07
-1249.5 -1.59082e-07 6.647e-08
-1248.51 -1.59401e-07 2.1438e-07
-1244.55 -1.60648e-07 1.069e-07
-1219.58 -1.68179e-07 8.242e-08
-1192.66 -1.76244e-07 1.0474e-07
-1177.78 -1.80655e-07 1.971e-07
-1177.75 -1.80663e-07 9.923e-08
-1176.78 -1.80936e-07 6.638e-08
-1174.69 -1.8144e-07 4.5525e-07
-1165.76 -1.83568e-07 2.2964e-07
-1164.81 -1.83803e-07 1.4097e-07
-1143.82 -1.88742e-07 1.2643e-07
-1123.85 -1.93732e-07 1.5423e-07
-1108.88 -1.97486e-07 1.4565e-07
-1107.89 -1.97742e-07 4.7968e-07
-1103.9 -1.98766e-07 7.56e-07
-1103.21 -1.98943e-07 5.525e-08
-1084.98 -2.03978e-07 1e-07
-1081.98 -2.04802e-07 3.152e-08
-1061.03 -2.10463e-07 6.44e-07
-1041.07 -2.15783e-07 5.4368e-07
-1020.13 -2.21326e-07 1.182e-06
-999.211 -2.26727e-07 6.7932e-07
-986.228 -2.3001e-07 1.6909e-07
-877.563 -2.55486e-07 7.199e-08
-877.518 -2.55494e-07 1.3901e-07
-867.55 -2.57293e-07 7.311e-08
-845.649 -2.60483e-07 1.319e-06
-829.654 -2.62628e-07 1.1344e-07
-828.657 -2.62769e-07 3.4843e-07
-775.809 -2.69385e-07 3.808e-08
-756.849 -2.72518e-07 8.664e-08
-747.884 -2.73731e-07 1.4533e-07
-723.937 -2.76778e-07 4.783e-08
-700.992 -2.80155e-07 1.7216e-07
-684.066 -2.82571e-07 1.8177e-07
-684.042 -2.82574e-07 1.9112e-07
-641.177 -2.88067e-07 4.144e-08
-591.325 -2.93775e-07 8.674e-08
-589.327 -2.93944e-07 6.797e-08
-575.364 -2.94823e-07 1.5619e-07
-557.386 -2.95765e-07 1.6173e-07
-556.407 -2.95804e-07 8.705e-08
-532.774 -2.96802e-07 7.354e-08
-513.582 -2.96756e-07 9.422e-08
-484.599 -2.97126e-07 2.311e-08
-483.62 -2.97216e-07 3.125e-08
-448.727 -2.97182e-07 1.4478e-07
-444.716 -2.97168e-07 3.59e-08
-427.781 -2.97823e-07 4.2712e-07
-398.867 -2.98911e-07 5.651e-08
-397.865 -2.98946e-07 3.5489e-07
-382.939 -2.99429e-07 1.2075e-07
-359.108 -3.00158e-07 1.4151e-07
-338.03 -3.00971e-07 1.3897e-07
-320.195 -3.01286e-07 1.5024e-07
-311.122 -3.01374e-07 1.229e-07
-310.143 -3.01373e-07 1.0058e-07
-303.281 -3.01293e-07 4.872e-08
-284.173 -3.01221e-07 1.1576e-07
-283.174 -3.01212e-07 1.1763e-07
-283.145 -3.01212e-07 6.071e-08
-265.45 -3.00673e-07 8.514e-08
-243.307 -3.00093e-07 1.7063e-07
-226.518 -2.99506e-07 4.078e-08
-204.384 -2.98226e-07 3.978e-08
-173.519 -2.9462e-07 1.2541e-07
-160.485 -2.93064e-07 5.382e-08
-159.547 -2.92921e-07 6.746e-08
-139.582 -2.89659e-07 1.61e-07
-122.646 -2.86889e-07 3.4621e-07
-102.701 -2.83553e-07 2.0948e-07
-101.641 -2.83374e-07 1.6744e-07
-83.717 -2.80127e-07 2.589e-08
-61.7818 -2.74195e-07 1.7314e-07
-49.7856 -2.70908e-07 1.047e-07
-34.8725 -2.66537e-07 1.1297e-07
-12.8942 -2.59718e-07 2.2881e-07
15.025 -2.50603e-07 5.532e-08
27.9889 -2.46827e-07 1.4779e-07
48.8766 -2.40801e-07 2.7862e-07
48.9069 -2.40792e-07 1.384e-07
50.9075 -2.40178e-07 1.6559e-07
71.8374 -2.33783e-07 7.074e-08
92.7723 -2.27361e-07 1.4478e-07
93.7346 -2.27055e-07 1.6166e-07
93.7878 -2.27038e-07 1.6052e-07
106.657 -2.23075e-07 8.92e-08
119.759 -2.1935e-07 4.3746e-07
120.716 -2.19079e-07 4.251e-08
141.661 -2.12486e-07 3.1347e-07
164.629 -2.05112e-07 7.69e-07
165.575 -2.04809e-07 3.525e-08
185.486 -1.99177e-07 1.2533e-07
187.524 -1.98612e-07 8.351e-08
202.473 -1.94587e-07 4.7191e-07
203.391 -1.94338e-07 1.6929e-07
203.441 -1.94324e-07 1.1355e-07
220.423 -1.89595e-07 3.841e-08
221.211 -1.89303e-07 1.2752e-07
252.247 -1.77711e-07 2.342e-07
252.378 -1.77662e-07 6.4001e-07
284.166 -1.6584e-07 1.1622e-07
285.194 -1.6545e-07 2.1278e-07
285.223 -1.65439e-07 8.529e-08
302.04 -1.59174e-07 7.35e-08
302.248 -1.59099e-07 9.015e-08
315.117 -1.54657e-07 4.6073e-07
317.194 -1.53942e-07 6.189e-08
332.161 -1.48381e-07 8.172e-08
358.87 -1.38138e-07 2.0301e-07
371.029 -1.33481e-07 4.5067e-07
406.934 -1.19961e-07 5.162e-08
408.691 -1.19302e-07 3.1479e-07
420.889 -1.14768e-07 6.408e-08
441.808 -1.06417e-07 9.553e-08
442.733 -1.06061e-07 4.7953e-07
483.694 -9.06001e-08 2.6165e-07
505.626 -8.25579e-08 8.161e-08
506.559 -8.22193e-08 3.9383e-07
519.549 -7.75394e-08 1.3225e-07
520.617 -7.71626e-08 3.999e-08
540.489 -6.98609e-08 1.0487e-07
560.515 -6.24578e-08 8.09e-07
561.513 -6.20922e-08 2.2074e-07
576.403 -5.66958e-08 5.411e-08
576.45 -5.66785e-08 3.721e-08
590.152 -5.11922e-08 1.3984e-07
617.326 -4.01892e-08 4.677e-08
618.322 -3.97438e-08 1.989e-07
636.279 -3.16986e-08 4.2614e-07
637.266 -3.1264e-08 5.177e-08
652.232 -2.45201e-08 6.542e-08
672.946 -1.49385e-08 1.6001e-07
686.166 -8.95392e-09 5.446e-08
701.142 -1.93076e-09 1.4346e-07
702.134 -1.47629e-09 1.5156e-07
743.029 1.67541e-08 1.4024e-07
763.921 2.56763e-08 2.8827e-07
764.87 2.60732e-08 1.1813e-07
778.893 3.18579e-08 1.743e-07
792.836 3.7456e-08 1.5465e-07
794.881 3.82672e-08 5.1849e-07
831.724 5.221e-08 2.914e-08
832.693 5.26086e-08 3.635e-08
847.701 5.83151e-08 4.7313e-07
865.635 6.49787e-08 8.306e-08
883.615 7.13631e-08 2.5018e-07
884.615 7.17113e-08 1.6997e-07
885.603 7.20533e-08 1.4742e-07
916.502 8.23929e-08 4.466e-08
916.55 8.24101e-08 8.891e-08
933.519 8.82701e-08 5.474e-08
934.456 8.86081e-08 1.8022e-07
949.455 9.39513e-08 1.3373e-07
958.39 9.70442e-08 3.316e-08
961.335 9.80099e-08 7.43e-08
991.291 1.07053e-07 4.322e-08
991.338 1.07067e-07 4.914e-08
994.323 1.07968e-07 3.296e-07
1013.3 1.13616e-07 1.4051e-07
1015.27 1.14175e-07 4.901e-08
1016.27 1.14432e-07 1.3143e-07
1017.29 1.14694e-07 9.294e-08
1022.28 1.15944e-07 9.85e-08
1028.15 1.17377e-07 5.337e-08
1033.25 1.18604e-07 1.3634e-07
1034.21 1.18832e-07 2.7155e-07
1035.17 1.19062e-07 6.972e-08
1037.22 1.19503e-07 1.0366e-07
1058.11 1.24017e-07 9.769e-08
1059.08 1.24227e-07 1.3063e-07
1105.93 1.33841e-07 2.4312e-07
1107.96 1.34231e-07 2.4274e-07
1126.93 1.37762e-07 1.1726e-07
1127.94 1.37941e-07 1.38e-07
1140.9 1.40244e-07 9.273e-08
1143.93 1.40731e-07 9.565e-08
1157.88 1.42866e-07 8.027e-08
1166.8 1.44146e-07 2.2315e-07
1167.87 1.44296e-07 1.5763e-07
1197.76 1.48172e-07 1.358e-07
1231.37 1.51588e-07 1.916e-07
1236.64 1.52046e-07 7.849e-08
1237.62 1.52135e-07 1.9679e-07
1261.56 1.54054e-07 2.795e-08
1262.62 1.54148e-07 9.645e-08
1293.35 1.56544e-07 1.1212e-07
1296.41 1.56731e-07 3.08e-08
1296.46 1.56734e-07 2.961e-08
1296.51 1.56737e-07 5.286e-08
1310.36 1.57518e-07 1.6253e-07
1311.32 1.57573e-07 2.59e-07
1323.39 1.58249e-07 1.1646e-07
1324.38 1.583e-07 2.014e-07
1344.35 1.59154e-07 2.8958e-07
1346.34 1.59227e-07 1.8585e-07
1346.39 1.59229e-07 1.1469e-07
1359.35 1.59611e-07 1.0275e-07
1360.28 1.59629e-07 8.52e-08
1361.34 1.59644e-07 1.7212e-07
1380.29 1.59884e-07 6.914e-08
1396.2 1.59849e-07 6.599e-08
1396.25 1.59849e-07 5.946e-08
1398.2 1.59793e-07 1.2678e-07
1399.24 1.59761e-07 5.091e-08
1400.12 1.59727e-07 1.6155e-07
1421.12 1.58819e-07 2.8417e-07
1423.16 1.58725e-07 5.5993e-07
1443.06 1.57689e-07 5.516e-08
1444.09 1.57623e-07 8.903e-08
1458.04 1.56665e-07 1.7574e-07
1458.92 1.56603e-07 1.8401e-07
1458.95 1.56601e-07 8.756e-08
1459.08 1.56592e-07 7.821e-08
1469.04 1.55942e-07 1.4158e-07
1472.82 1.55674e-07 8.066e-08
1496.95 1.53849e-07 7.2693e-07
1497.69 1.53789e-07 3.7069e-07
1505.8 1.53099e-07 2.5286e-07
1508.84 1.52835e-07 1.0911e-07
1508.93 1.52827e-07 1.6875e-07
1531.77 1.50684e-07 4.923e-08
1531.81 1.50679e-07 3.381e-08
1531.86 1.50674e-07 3.403e-08
1532.76 1.5058e-07 1.1581e-07
1532.81 1.50575e-07 1.2997e-07
1532.88 1.50568e-07 9.84e-08
1555.73 1.48034e-07 8.948e-08
1569.77 1.46319e-07 3.858e-08
1571.63 1.4609e-07 4.757e-08
1571.72 1.46079e-07 5.896e-08
1571.77 1.46073e-07 7.915e-08
1573.77 1.45809e-07 9.403e-08
1574.74 1.4568e-07 1.7511e-07
1586.66 1.44043e-07 3.1414e-07
1593.35 1.43094e-07 9.814e-08
1593.4 1.43087e-07 9.798e-08
1593.45 1.43079e-07 1.0838e-07
1593.5 1.43072e-07 1.1729e-07
1615.49 1.39765e-07 1.3433e-07
1616.38 1.39628e-07 8.79e-07
1618.36 1.3932e-07 7.187e-08
1632.51 1.37158e-07 6.436e-08
1655.43 1.33537e-07 1.202e-07
1657.2 1.3325e-07 4.858e-08
1657.51 1.33201e-07 1.1989e-07
1673.48 1.30596e-07 1.3386e-07
1674.4 1.30441e-07 8.355e-08
1674.45 1.30433e-07 1.0022e-07
1680.12 1.29379e-07 9.752e-08
1680.16 1.2937e-07 2.4547e-07
1680.21 1.29361e-07 5.8205e-07
1680.26 1.29351e-07 3.5847e-07
1680.31 1.29342e-07 2.2711e-07
1680.36 1.29333e-07 2.3843e-07
1680.41 1.29323e-07 1.4387e-07
1680.46 1.29314e-07 9.185e-08
1689.43 1.27596e-07 1.051e-07
1690.3 1.27426e-07 8.945e-08
1690.35 1.27417e-07 1.1914e-07
1690.4 1.27408e-07 1.2827e-07
1690.45 1.27398e-07 1.2854e-07
1702.26 1.25037e-07 1.476e-07
1702.31 1.25027e-07 1.4326e-07
1703.12 1.24864e-07 6.018e-08
1703.41 1.24802e-07 1.6119e-07
1737.98 1.1737e-07 6.478e-08
1738.15 1.17331e-07 1.0576e-07
1738.2 1.1732e-07 2.0967e-07
1738.24 1.17309e-07 1.5654e-07
1738.32 1.17293e-07 3.259e-08
1739.01 1.17129e-07 2.7832e-07
1739.14 1.17098e-07 7.243e-08
1739.22 1.17078e-07 4.621e-08
1739.27 1.17066e-07 4.148e-08
1748.26 1.14586e-07 7.716e-08
1767.16 1.09204e-07 1.366e-08
1767.21 1.09189e-07 2.501e-08
1770.87 1.08081e-07 3.446e-08
1770.92 1.08067e-07 2.751e-08
1770.96 1.08053e-07 3.426e-08
1771.01 1.08039e-07 6.849e-08
1771.06 1.08025e-07 7.745e-08
1771.11 1.08011e-07 8.766e-08
1771.16 1.07996e-07 1.8762e-07
1771.2 1.07982e-07 1.2795e-07
1774.17 1.07103e-07 8.778e-08
1786.06 1.03482e-07 1.451e-06
1792.8 1.01398e-07 1.3875e-07
1792.84 1.01383e-07 1.2043e-07
1792.89 1.01368e-07 2.0208e-07
1792.94 1.01353e-07 9.346e-08
1792.99 1.01338e-07 8.559e-08
1793.03 1.01323e-07 6.092e-08
1793.08 1.01307e-07 8.182e-08
1793.13 1.01292e-07 1.3127e-07
1806.02 9.70443e-08 1.6989e-07
1807.99 9.63844e-08 3.393e-08
1808.04 9.6367e-08 5.293e-08
1823.82 9.06788e-08 2.1289e-07
1831.7 8.77927e-08 2.1599e-07
1831.74 8.77754e-08 3.6532e-07
1831.79 8.7758e-08 1.8046e-07
1831.84 8.77382e-08 8.527e-08
1831.89 8.7721e-08 6.696e-08
1831.94 8.77038e-08 5.252e-08
1831.99 8.76859e-08 3.913e-08
1832.03 8.7669e-08 2.447e-08
1833.69 8.70462e-08 9.522e-08
1834.04 8.69153e-08 1.3115e-07
1835.03 8.65477e-08 1.2384e-07
1835.75 8.62775e-08 1.5567e-07
1836 8.6183e-08 1.3918e-07
1881.84 6.84678e-08 7.275e-08
1881.89 6.8448e-08 1.2895e-07
1882.78 6.80896e-08 8.667e-08
1882.84 6.80657e-08 9.548e-08
1882.89 6.80463e-08 1.5402e-07
1883.8 6.76837e-08 1.5436e-07
1883.85 6.7664e-08 1.7227e-07
1888.55 6.57985e-08 1.223e-07
1888.59 6.57799e-08 1.779e-07
1888.64 6.57613e-08 2.0966e-07
1888.75 6.57194e-08 6.2022e-07
1888.79 6.57008e-08 5.6005e-07
1888.85 6.5678e-08 4.1301e-07
1888.9 6.56595e-08 2.8494e-07
1892.79 6.41199e-08 2.4726e-07
1938.4 4.54686e-08 6.293e-08
1938.45 4.54489e-08 7.187e-08
1938.5 4.5429e-08 8.751e-08
1938.55 4.54081e-08 9.241e-08
1938.59 4.53881e-08 5.712e-08
1938.64 4.5368e-08 4.188e-08
1938.72 4.53362e-08 3.929e-08
1938.76 4.53154e-08 3.801e-08
1939.73 4.48847e-08 3.5256e-07
1940.39 4.4588e-08 1.4042e-07
1940.61 4.44913e-08 6.0562e-07
1941.67 4.40183e-08 1.128e-07
1941.72 4.39964e-08 1.2136e-07
1948.41 4.09779e-08 1.1701e-07
1948.45 4.09559e-08 1.2523e-07
1948.5 4.09346e-08 1.3279e-07
1948.55 4.09133e-08 1.1626e-07
1948.6 4.08882e-08 6.865e-08
1948.65 4.08673e-08 3.942e-08
1948.7 4.08461e-08 2.421e-08
1948.74 4.08256e-08 3.146e-08
1949.6 4.04463e-08 6.1953e-07
1949.63 4.04335e-08 1.3452e-07
2012.32 1.15179e-08 8.804e-08
2012.5 1.14337e-08 5.285e-08
2018.19 8.7432e-09 1.578e-07
2018.23 8.72093e-09 2.2196e-07
2018.28 8.69856e-09 5.357e-07
2018.33 8.67618e-09 5.114e-07
2018.46 8.61265e-09 7.817e-08
2018.51 8.59078e-09 3.345e-08
2018.55 8.56813e-09 5.709e-08
2076.32 -1.98483e-08 3.04e-08
2076.37 -1.98754e-08 4.219e-08
2077.38 -2.03967e-08 7.1505e-07
2081.01 -2.22816e-08 7.177e-08
2081.06 -2.2306e-08 2.0072e-07
2081.1 -2.23304e-08 4.3053e-07
2081.15 -2.2356e-08 2.6625e-07
2081.34 -2.24555e-08 6.102e-08
2093.16 -2.86622e-08 5.8674e-07
2093.18 -2.8673e-08 2.7656e-07
2098.27 -3.13715e-08 2.5103e-07
2109.02 -3.71066e-08 9.44e-07
2109.06 -3.71318e-08 1.7788e-07
2109.11 -3.71571e-08 1.3426e-07
2109.17 -3.71865e-08 1.0912e-07
2109.21 -3.7212e-08 3.929e-08
2109.26 -3.72364e-08 3.223e-08
2109.3 -3.72599e-08 2.72e-08
2112.22 -3.88673e-08 7.217e-08
2127.02 -4.70041e-08 2.233e-08
2127.24 -4.71206e-08 5.598e-08
2147.84 -5.82453e-08 6.948e-08
2147.89 -5.82717e-08 6.41e-08
2147.93 -5.82986e-08 6.505e-08
2148.02 -5.83423e-08 1.0907e-07
2148.06 -5.83681e-08 1.3406e-07
2148.11 -5.83938e-08 1.3629e-07
2148.16 -5.84196e-08 1.8217e-07
2151.14 -6.00468e-08 6.032e-08
2152.08 -6.05532e-08 7.82e-07
2152.19 -6.06148e-08 8.69e-07
2162.93 -6.64749e-08 1.528e-07
2163.11 -6.65748e-08 4.75e-07
2175.75 -7.35624e-08 2.0065e-07
2175.79 -7.35806e-08 8.211e-08
2175.83 -7.36065e-08 1.0251e-07
2175.88 -7.36326e-08 2.0289e-07
2175.93 -7.36609e-08 6.794e-08
2175.98 -7.3687e-08 3.518e-08
2176.03 -7.37127e-08 2.94e-08
2176.08 -7.37405e-08 3.236e-08
2185.1 -7.89369e-08 1.4256e-07
2185.9 -7.94025e-08 1.3763e-07
2186.08 -7.95077e-08 6.473e-08
2201.68 -8.86158e-08 1.7545e-07
2201.73 -8.86501e-08 1.2815e-07
2201.78 -8.86777e-08 1.2734e-07
2201.92 -8.87572e-08 1.3083e-07
2201.96 -8.87847e-08 1.8773e-07
2202.01 -8.88121e-08 1.9868e-07
2204.95 -9.05278e-08 1.0169e-07
2205.97 -9.11236e-08 6.581e-08
2206.02 -9.11518e-08 5.644e-08
2217.62 -9.78317e-08 2.5641e-07
2217.68 -9.78627e-08 1.8141e-07
2217.73 -9.78939e-08 3.0954e-07
2217.78 -9.79211e-08 2.9413e-07
2217.83 -9.79542e-08 9.383e-08
2217.88 -9.79813e-08 8.955e-08
2217.93 -9.80085e-08 9.919e-08
2217.98 -9.80387e-08 1.9167e-07
2226.89 -1.03238e-07 3.045e-08
2226.95 -1.03273e-07 4.307e-08
2241.85 -1.12172e-07 1.5035e-07
2242.68 -1.12674e-07 1.793e-07
2272.79 -1.31164e-07 1.6802e-07
2275.49 -1.32848e-07 5.513e-08
2275.53 -1.32877e-07 5.035e-08
2275.58 -1.32906e-07 5.815e-08
2275.63 -1.32939e-07 9.943e-08
2275.68 -1.32968e-07 1.0434e-07
2275.73 -1.32997e-07 8.059e-08
2275.78 -1.33028e-07 8.341e-08
2275.82 -1.33057e-07 9.469e-08
2294.47 -1.44708e-07 9.418e-08
2296.52 -1.46003e-07 4.9073e-07
2298.42 -1.47209e-07 5.611e-08
2298.47 -1.4724e-07 7.315e-08
2298.52 -1.4727e-07 1.0662e-07
2298.57 -1.47301e-07 9.192e-08
2305.4 -1.51623e-07 3.02e-08
2305.45 -1.51652e-07 1.649e-08
2305.49 -1.51682e-07 1.477e-08
2305.54 -1.51712e-07 1.963e-08
2305.59 -1.51738e-07 2.738e-08
2305.64 -1.51764e-07 2.929e-08
2305.68 -1.51789e-07 4.201e-08
2305.73 -1.51815e-07 6.266e-08
2316.65 -1.57726e-07 1.3989e-07
2318.46 -1.58711e-07 8.339e-08
2318.51 -1.58737e-07 1.1124e-07
2318.56 -1.58764e-07 9.067e-08
2331.34 -1.65803e-07 9.241e-08
2331.38 -1.65829e-07 6.915e-08
2331.43 -1.65855e-07 4e-08
2331.49 -1.65887e-07 2.858e-08
2331.53 -1.65913e-07 2.321e-08
2331.58 -1.65939e-07 2.303e-08
2331.63 -1.65967e-07 2.602e-08
2331.68 -1.65992e-07 3.594e-08
2332.61 -1.66468e-07 1.6939e-07
2360.26 -1.80716e-07 4.069e-08
2360.3 -1.80741e-07 4.28e-08
2360.35 -1.80766e-07 6.198e-08
2360.4 -1.80792e-07 9.307e-08
2360.45 -1.80817e-07 1.3495e-07
2360.49 -1.80842e-07 2.5472e-07
2360.54 -1.80867e-07 6.1332e-07
2360.59 -1.80892e-07 8.73e-07
2373.47 -1.87764e-07 6.281e-08
2386.47 -1.94685e-07 8.023e-08
2392.18 -1.9774e-07 7.06e-08
2392.22 -1.97765e-07 4.904e-08
2392.27 -1.9779e-07 3.788e-08
2392.32 -1.97818e-07 4.088e-08
2392.37 -1.97844e-07 5.956e-08
2392.47 -1.979e-07 4.349e-08
2392.51 -1.97927e-07 3.108e-08
2407.41 -2.06733e-07 1.3488e-07
2411.11 -2.08937e-07 2.5066e-07
2411.16 -2.08965e-07 3.3972e-07
2411.2 -2.08993e-07 3.1364e-07
2411.26 -2.09026e-07 1.7979e-07
2411.31 -2.09054e-07 1.3721e-07
2411.35 -2.09083e-07 1.4864e-07
2411.4 -2.09112e-07 9.015e-08
2430.37 -2.20482e-07 3.2364e-07
2450.01 -2.32385e-07 1.0721e-07
2450.05 -2.32413e-07 1.0896e-07
2450.1 -2.32444e-07 1.4841e-07
2450.13 -2.32459e-07 1.6462e-07
2450.17 -2.32481e-07 8.233e-08
2450.23 -2.32518e-07 7.929e-08
2450.28 -2.32548e-07 5.139e-08
2450.33 -2.32582e-07 3.908e-08
2464.27 -2.41353e-07 1.3445e-07
2464.98 -2.41799e-07 2.0131e-07
2469.98 -2.44968e-07 2.3534e-07
2470.03 -2.45001e-07 1.5054e-07
2470.13 -2.45063e-07 1.1006e-07
2470.19 -2.45105e-07 1.33e-06
2470.23 -2.45129e-07 4.1538e-07
2470.31 -2.45181e-07 1.3475e-07
2485.23 -2.54785e-07 1.6543e-07
2488.93 -2.57177e-07 9.155e-08
2488.98 -2.57207e-07 1.4213e-07
2489.02 -2.57238e-07 2.9174e-07
2489.08 -2.57273e-07 1.5404e-07
2489.12 -2.57304e-07 7.8e-08
2489.18 -2.57339e-07 1.7144e-07
2489.23 -2.57373e-07 2.2846e-07
2499.17 -2.63981e-07 1.9328e-07
2514.03 -2.73893e-07 1.7124e-07
2515.85 -2.75114e-07 1.1721e-07
2515.9 -2.75147e-07 1.0635e-07
2547.99 -2.96853e-07 3.662e-07
2549.73 -2.9804e-07 7.36e-07
2549.78 -2.98072e-07 3.6111e-07
2549.82 -2.98104e-07 2.9645e-07
2549.87 -2.98136e-07 1.5721e-07
2549.92 -2.98169e-07 7.189e-08
2549.96 -2.98201e-07 5.253e-08
2550.01 -2.98234e-07 5.016e-08
2550.06 -2.98267e-07 6.174e-08
2577.95 -3.18416e-07 6.8e-08
2578 -3.18451e-07 4.069e-08
2589.63 -3.27757e-07 1.1678e-07
2589.67 -3.27795e-07 1.0043e-07
2589.72 -3.27833e-07 1.181e-07
2589.77 -3.27872e-07 1.6091e-07
2589.82 -3.27911e-07 2.3476e-07
2589.86 -3.27949e-07 2.4539e-07
