0.000193018 0.0131619
0.000386036 0.0158818
0.000579054 0.013333
0.000772072 0.00965441
0.000965091 0.00319168
0.00115811 0.00150763
0.00135113 0.00211533
0.00154414 0.0039481
0.00173716 0.00598656
0.00193018 0.0053993
0.0021232 0.00461967
0.00231622 0.00565296
0.00250924 0.00120174
0.00270225 0.00783452
0.00289527 0.00126373
0.00308829 0.00293003
0.00328131 0.0122827
0.00347433 0.00110904
0.00366734 0.00216091
0.00386036 0.0121507
0.00405338 0.0135483
0.0042464 0.0257842
0.00443942 0.00997886
0.00463243 0.002443
0.00482545 0.0260695
0.00501847 0.00512754
0.00521149 0.0370775
0.00540451 0.0114648
0.00559753 0.00537331
0.00579054 0.0100857
0.00598356 0.0252117
0.00617658 0.00730959
0.0063696 0.0044489
0.00656262 0.0014189
0.00675563 0.019618
0.00694865 0.021695
0.00714167 0.00225908
0.00733469 0.00306803
0.00752771 0.00116196
0.00772072 0.0279519
0.00791374 0.0518484
0.00810676 0.041368
0.00829978 0.0125454
0.0084928 0.00157612
0.00868581 0.0772948
0.00887883 0.0599851
0.00907185 0.0409658
0.00926487 0.00666771
0.00945789 0.00346599
0.00965091 0.00625329
0.00984392 0.0258667
0.0100369 0.03925
0.01023 0.0108329
0.010423 0.00776043
0.010616 0.0107313
0.010809 0.00138595
0.011002 0.0177702
0.0111951 0.00520032
0.0113881 0.0110253
0.0115811 0.00346743
0.0117741 0.022627
0.0119671 0.00614528
0.0121601 0.0114659
0.0123532 0.00119528
0.0125462 0.00634779
0.0127392 0.00428059
0.0129322 0.0117349
0.0131252 0.0351122
0.0133182 0.0396518
0.0135113 0.00376189
0.0137043 0.00867625
0.0138973 0.0382483
0.0140903 0.0403378
0.0142833 0.00561971
0.0144764 0.0123614
0.0146694 0.0249112
0.0148624 0.019719
0.0150554 0.0398065
0.0152484 0.0271685
0.0154414 0.0307171
0.0156345 0.020068
0.0158275 0.0162196
0.0160205 0.0414225
0.0162135 0.0252377
0.0164065 0.00781084
0.0165996 0.0317579
0.0167926 0.0336523
0.0169856 0.0218957
0.0171786 0.0110139
0.0173716 0.0309751
0.0175646 0.0281434
0.0177577 0.00508634
0.0179507 0.00567844
0.0181437 0.00832169
0.0183367 0.00868087
0.0185297 0.00178381
0.0187228 0.00545904
0.0189158 0.0153029
0.0191088 0.0136042
0.0193018 0.0141381
0.0194948 0.0149533
0.0196878 0.0077327
0.0198809 0.00780359
0.0200739 0.000394867
0.0202669 0.000979688
0.0204599 0.00524201
0.0206529 0.000757968
0.020846 0.0161558
0.021039 0.0528335
0.021232 0.0250169
0.021425 0.0102801
0.021618 0.0047918
0.021811 0.00809343
0.0220041 0.0057411
0.0221971 0.00184422
0.0223901 0.00893696
0.0225831 0.0202997
0.0227761 0.033426
0.0229692 0.0092365
0.0231622 0.0131594
0.0233552 0.00536431
0.0235482 0.0247508
0.0237412 0.0469368
0.0239342 0.00960611
0.0241273 0.00348546
0.0243203 0.00153402
0.0245133 0.0506427
0.0247063 0.0352743
0.0248993 0.0258076
0.0250924 0.0105471
0.0252854 0.0158045
0.0254784 0.0364692
0.0256714 0.0374409
0.0258644 0.0249152
0.0260574 0.00904951
0.0262505 0.0282772
0.0264435 0.00802281
0.0266365 0.00873503
0.0268295 0.00218126
0.0270225 0.00632128
0.0272156 0.00406397
0.0274086 0.00535265
0.0276016 0.00886738
0.0277946 0.0379506
0.0279876 0.00331272
0.0281806 0.0369038
0.0283737 0.0407104
0.0285667 0.0122693
0.0287597 0.00325938
0.0289527 0.00804102
0.0291457 0.00278364
0.0293388 0.0245449
0.0295318 0.0175983
0.0297248 0.00109828
0.0299178 0.00317685
0.0301108 0.00129433
0.0303038 0.0107759
0.0304969 0.0290334
0.0306899 0.0291562
0.0308829 0.0149639
0.0310759 0.000364328
0.0312689 0.00190416
0.031462 0.000835768
0.031655 0.0203928
0.031848 0.00499629
0.032041 0.000400111
0.032234 0.000446839
0.032427 0.00677638
0.0326201 0.0201118
0.0328131 0.00389087
0.0330061 0.00283522
0.0331991 0.00914017
0.0333921 0.00836229
0.0335852 0.0323514
0.0337782 0.00567179
0.0339712 0.023566
0.0341642 0.0329527
0.0343572 0.0253542
0.0345502 0.00259913
0.0347433 6.34713e-05
0.0349363 0.0366468
0.0351293 0.00216672
0.0353223 0.000254449
0.0355153 0.00194467
0.0357083 0.000787078
0.0359014 0.00114089
0.0360944 0.0116235
0.0362874 0.00971103
0.0364804 0.00954175
0.0366734 0.00462076
0.0368665 0.00151013
0.0370595 0.00322573
0.0372525 0.0041827
0.0374455 0.00192905
0.0376385 0.0140745
0.0378315 0.00838411
0.0380246 0.0121343
0.0382176 0.0301298
0.0384106 0.0156106
0.0386036 0.0125985
0.0387966 0.00237204
0.0389897 0.0131591
0.0391827 0.0280676
0.0393757 0.00897881
0.0395687 0.0195486
0.0397617 0.00495466
0.0399547 0.0259813
0.0401478 0.0315038
0.0403408 0.0272965
0.0405338 0.00864481
0.0407268 0.0439949
0.0409198 0.00277741
0.0411129 0.00315595
0.0413059 0.00540599
0.0414989 0.0314046
0.0416919 0.0181259
0.0418849 0.00502312
0.0420779 0.0104956
0.042271 0.0217807
0.042464 0.014832
0.042657 0.00801859
0.04285 0.000679857
0.043043 0.0160297
0.0432361 0.0105752
0.0434291 0.00482988
0.0436221 0.034161
0.0438151 0.00911451
0.0440081 0.00929399
0.0442011 0.0176393
0.0443942 0.00275092
0.0445872 0.00655663
0.0447802 0.012788
0.0449732 0.00726723
0.0451662 0.00337193
0.0453593 0.0109162
0.0455523 0.0238867
0.0457453 0.00949444
0.0459383 0.0356382
0.0461313 0.00503952
0.0463243 0.00287399
0.0465174 0.0875649
0.0467104 0.0195404
0.0469034 0.0689228
0.0470964 0.000279543
0.0472894 0.0112024
0.0474825 0.00434552
0.0476755 0.0129156
0.0478685 0.0136003
0.0480615 0.00377445
0.0482545 0.0037881
0.0484475 0.0100868
0.0486406 0.00021143
0.0488336 0.0183257
0.0490266 0.00985972
0.0492196 0.0166064
0.0494126 0.0131954
0.0496057 0.00528625
0.0497987 0.0153934
0.0499917 0.0298475
0.0501847 0.00922197
0.0503777 0.00459844
0.0505707 0.000158738
0.0507638 0.013576
0.0509568 0.00113069
0.0511498 0.00459951
0.0513428 0.00231986
0.0515358 0.0109782
0.0517289 0.00609999
0.0519219 0.000609782
0.0521149 0.00345745
0.0523079 0.0247398
0.0525009 0.0276948
0.0526939 0.00867336
0.052887 0.025659
0.05308 0.0225944
0.053273 0.00261816
0.053466 0.0073015
0.053659 0.0200074
0.0538521 0.0250436
0.0540451 0.00660142
0.0542381 0.0102302
0.0544311 0.00560615
0.0546241 0.00644421
0.0548171 0.00118293
0.0550102 0.0106082
0.0552032 0.0149966
0.0553962 0.00431108
0.0555892 0.0181405
0.0557822 0.00701872
0.0559753 0.00817261
0.0561683 0.0115719
0.0563613 0.000347789
0.0565543 0.000703824
0.0567473 0.00835647
0.0569403 0.0159138
0.0571334 0.0366164
0.0573264 0.0092947
0.0575194 0.0249385
0.0577124 0.0310319
0.0579054 0.00224731
0.0580984 0.00310831
0.0582915 0.00798033
0.0584845 0.00776884
0.0586775 0.0003367
0.0588705 0.00609784
0.0590635 0.00837282
0.0592566 0.000600103
0.0594496 0.00413386
0.0596426 0.00191318
0.0598356 0.0142362
0.0600286 0.00548534
0.0602216 0.0205904
0.0604147 0.0130078
0.0606077 0.00402672
0.0608007 0.00428791
0.0609937 0.0058769
0.0611867 0.00122097
0.0613798 0.00831795
0.0615728 0.0140886
0.0617658 0.0261115
0.0619588 0.00976024
0.0621518 0.0154705
0.0623448 0.00448633
0.0625379 0.00718507
0.0627309 0.0133477
0.0629239 0.0121062
0.0631169 0.0148901
0.0633099 0.0030542
0.063503 0.00210378
0.063696 0.002712
0.063889 0.00791145
0.064082 0.00586375
0.064275 0.0138666
0.064468 0.0109045
0.0646611 0.0107752
0.0648541 0.0276305
0.0650471 0.00650697
0.0652401 0.00506385
0.0654331 0.0361545
0.0656262 0.00753266
0.0658192 0.000915554
0.0660122 0.0159169
0.0662052 0.00292301
0.0663982 0.0323418
0.0665912 0.0326052
0.0667843 0.0275991
0.0669773 0.00134022
0.0671703 0.0193812
0.0673633 0.0378462
0.0675563 0.0317635
0.0677494 0.0135351
0.0679424 0.00586242
0.0681354 0.0185635
0.0683284 0.00670478
0.0685214 0.0108112
0.0687144 0.0105183
0.0689075 0.00178842
0.0691005 0.0222818
0.0692935 0.0417413
0.0694865 0.032356
0.0696795 0.0498583
0.0698726 0.00223704
0.0700656 0.00154499
0.0702586 0.0141423
0.0704516 0.00156062
0.0706446 0.00178924
0.0708376 0.00773379
0.0710307 0.000468508
0.0712237 0.00238248
0.0714167 0.00928606
0.0716097 0.00389904
0.0718027 0.045128
0.0719958 0.0107254
0.0721888 0.0203063
0.0723818 0.00778646
0.0725748 0.0310627
0.0727678 0.00115774
0.0729608 5.02728e-05
0.0731539 0.0127319
0.0733469 0.0279196
0.0735399 0.0565688
0.0737329 0.00975439
0.0739259 0.010051
0.074119 0.0101454
0.074312 0.00945743
0.074505 0.0142641
0.074698 0.0519218
0.074891 0.0317661
0.075084 0.00486151
0.0752771 0.00951055
0.0754701 0.0828296
0.0756631 0.0780034
0.0758561 0.0153876
0.0760491 0.0114909
0.0762422 0.0131005
0.0764352 0.0107443
0.0766282 0.0232189
0.0768212 0.0131912
0.0770142 0.0113303
0.0772072 0.00556337
0.0774003 0.0120291
0.0775933 0.00487556
0.0777863 0.000574196
0.0779793 0.0215166
0.0781723 0.0193539
0.0783654 0.0526077
0.0785584 0.0355128
0.0787514 0.00588991
0.0789444 0.00337044
0.0791374 0.00549621
0.0793304 0.00509252
0.0795235 0.000369497
0.0797165 0.000483309
0.0799095 0.000300171
0.0801025 0.00118217
0.0802955 0.000707439
0.0804885 0.00638167
0.0806816 0.00188911
0.0808746 0.00598063
0.0810676 0.00164081
0.0812606 0.0112524
0.0814536 0.00727105
0.0816467 0.0278909
0.0818397 0.0111483
0.0820327 0.00124646
0.0822257 0.0195147
0.0824187 0.0232674
0.0826117 0.00122535
0.0828048 0.0219866
0.0829978 0.00897479
0.0831908 0.0105192
0.0833838 0.00368305
0.0835768 0.0134113
0.0837699 0.020331
0.0839629 0.00372374
0.0841559 0.029448
0.0843489 0.0455247
0.0845419 0.009571
0.0847349 0.000948786
0.084928 0.00150937
0.085121 0.018442
0.085314 0.00515219
0.085507 0.00173698
0.0857 0.00223894
0.0858931 0.00125792
0.0860861 0.0170616
0.0862791 0.0034244
0.0864721 0.00816412
0.0866651 0.000298761
0.0868581 0.0172331
0.0870512 0.0256023
0.0872442 0.00381001
0.0874372 0.0100586
0.0876302 0.013231
0.0878232 0.00841908
0.0880163 0.0107776
0.0882093 0.000983501
0.0884023 0.0106269
0.0885953 0.0236496
0.0887883 0.0275165
0.0889813 0.00892698
0.0891744 0.012822
0.0893674 0.0012468
0.0895604 0.0269781
0.0897534 0.0535881
0.0899464 0.011779
0.0901395 0.0133607
0.0903325 0.0217045
0.0905255 0.013457
0.0907185 0.00103906
0.0909115 0.00861994
0.0911045 0.0106157
0.0912976 0.00911047
0.0914906 0.0105805
0.0916836 0.0111425
0.0918766 0.0223805
0.0920696 0.00508895
0.0922627 0.0138966
0.0924557 0.00714614
0.0926487 0.00387873
0.0928417 0.014023
0.0930347 0.00561229
0.0932277 0.00256328
0.0934208 0.00217692
0.0936138 0.0118176
0.0938068 0.00141106
0.0939998 0.00140592
0.0941928 0.00221637
0.0943859 0.00484488
0.0945789 0.00409034
0.0947719 0.000951656
0.0949649 0.0114789
0.0951579 0.0122389
0.0953509 0.00361076
0.095544 0.00265156
0.095737 0.0423308
0.09593 0.0183815
0.096123 0.0387324
0.096316 0.0026638
0.0965091 0.00884202
0.0967021 0.0178094
0.0968951 0.00237914
0.0970881 0.0177813
0.0972811 0.0159837
0.0974741 0.0126533
0.0976672 0.03146
0.0978602 0.0111089
0.0980532 0.0161367
0.0982462 0.0312014
0.0984392 0.0486945
0.0986323 0.0188787
0.0988253 0.0608286
0.0990183 0.0191673
0.0992113 0.0412315
0.0994043 0.0362606
0.0995973 0.00358309
0.0997904 0.0101578
0.0999834 0.0442082
0.100176 0.00313864
0.100369 0.0140711
0.100562 0.00730444
0.100755 0.00419511
0.100948 0.0210636
0.101141 0.0347954
0.101335 0.0107444
0.101528 0.0165559
0.101721 0.00707406
0.101914 0.00733316
0.102107 0.0152393
0.1023 0.00191437
0.102493 0.00660961
0.102686 0.0160083
0.102879 0.0252583
0.103072 0.00774666
0.103265 0.0223988
0.103458 0.0111573
0.103651 0.025134
0.103844 0.0283151
0.104037 0.0339749
0.10423 0.00286183
0.104423 0.00908678
0.104616 0.0349993
0.104809 0.0144584
0.105002 0.00768442
0.105195 0.0119595
0.105388 0.000598189
0.105581 0.0095376
0.105774 0.000835057
0.105967 0.00387385
0.10616 0.0247117
0.106353 0.0278742
0.106546 0.00240964
0.106739 0.00475074
0.106932 0.0364278
0.107125 0.0405241
0.107318 0.0593905
0.107511 0.0160753
0.107704 0.000298778
0.107897 0.0298441
0.10809 0.00560147
0.108283 0.022965
0.108476 0.0145215
0.108669 0.0134463
0.108862 0.00099728
0.109055 0.0165962
0.109248 0.0214681
0.109441 0.0175823
0.109634 0.00013437
0.109827 0.0189932
0.11002 0.00330955
0.110213 0.0226399
0.110406 0.00296358
0.110599 0.0167755
0.110792 0.0118964
0.110985 0.0249243
0.111178 0.00340315
0.111371 0.0158952
0.111564 0.00316353
0.111757 0.011609
0.111951 0.00813534
0.112144 0.011958
0.112337 0.00477067
0.11253 0.00786572
0.112723 0.00955417
0.112916 0.00296398
0.113109 0.0168559
0.113302 0.00956341
0.113495 0.0143157
0.113688 0.0093117
0.113881 0.00214578
0.114074 0.00301933
0.114267 0.0126206
0.11446 0.0161566
0.114653 0.00403987
0.114846 0.00327645
0.115039 0.00633828
0.115232 0.00462909
0.115425 0.00228023
0.115618 0.00441811
0.115811 0.00421284
0.116004 0.0356907
0.116197 0.0127767
0.11639 0.0113322
0.116583 0.0096018
0.116776 0.00109335
0.116969 0.00443923
0.117162 0.00384297
0.117355 0.00571732
0.117548 0.000634993
0.117741 0.0179338
0.117934 0.0811003
0.118127 0.0183889
0.11832 0.00766108
0.118513 0.00419196
0.118706 0.00955644
0.118899 0.0152081
0.119092 0.021855
0.119285 0.0129956
0.119478 0.0178107
0.119671 0.0173382
0.119864 0.0253076
0.120057 0.00326444
0.12025 0.0117796
0.120443 0.00335608
0.120636 0.00800249
0.120829 0.00922779
0.121022 0.019681
0.121215 0.0165078
0.121408 0.00989292
0.121601 0.00229877
0.121794 0.00095695
0.121987 0.0168348
0.12218 0.0184738
0.122373 0.0117471
0.122566 0.0015309
0.12276 0.000551495
0.122953 0.00405055
0.123146 0.00761785
0.123339 0.000210531
0.123532 0.00640629
0.123725 0.030891
0.123918 0.0245432
0.124111 0.0016
0.124304 0.00430509
0.124497 0.00334298
0.12469 0.00264293
0.124883 0.0113172
0.125076 0.00648943
0.125269 0.00194331
0.125462 0.00357771
0.125655 0.0122283
0.125848 0.000751096
0.126041 0.0162101
0.126234 0.000450087
0.126427 0.0115494
0.12662 0.0626364
0.126813 0.0354069
0.127006 0.038636
0.127199 0.0108568
0.127392 0.0530641
0.127585 0.00495887
0.127778 0.00780006
0.127971 0.0088282
0.128164 0.0153253
0.128357 0.00460078
0.12855 0.0273564
0.128743 0.0665769
0.128936 0.0294411
0.129129 0.00127622
0.129322 0.00393323
0.129515 0.0537034
0.129708 0.024865
0.129901 0.0189401
0.130094 0.00187382
0.130287 0.00370355
0.13048 0.0355705
0.130673 0.0106348
0.130866 0.00501989
0.131059 0.0123248
0.131252 0.0169383
0.131445 0.0121444
0.131638 0.00100075
0.131831 0.00475931
0.132024 0.00331281
0.132217 0.0105348
0.13241 0.0023962
0.132603 0.0167446
0.132796 0.00114497
0.132989 0.00709007
0.133182 0.0292561
0.133376 0.0188588
0.133569 0.0201525
0.133762 0.0078589
0.133955 0.00501143
0.134148 0.0174441
0.134341 0.00025777
0.134534 0.000713091
0.134727 0.0309242
0.13492 0.0148307
0.135113 0.00134415
0.135306 0.0128967
0.135499 0.000744023
0.135692 0.000712199
0.135885 0.033173
0.136078 0.0147862
0.136271 0.015243
0.136464 0.0212381
0.136657 0.00943032
0.13685 0.0305995
0.137043 0.0171648
0.137236 0.00877473
0.137429 0.000770323
0.137622 6.14647e-05
0.137815 0.00240884
0.138008 0.00692165
0.138201 0.0276436
0.138394 0.0720033
0.138587 0.035796
0.13878 0.0121546
0.138973 0.00840409
0.139166 0.00365953
0.139359 0.00662942
0.139552 0.0138933
0.139745 0.0488475
0.139938 0.010217
0.140131 0.00315
0.140324 0.00628803
0.140517 0.0396221
0.14071 0.0286476
0.140903 0.000620815
0.141096 0.0187835
0.141289 0.0485304
0.141482 0.0114451
0.141675 0.0194095
0.141868 9.03286e-05
0.142061 0.00467078
0.142254 0.0059804
0.142447 0.0102144
0.14264 0.013784
0.142833 0.00280663
0.143026 0.0167427
0.143219 0.00134351
0.143412 0.0219906
0.143605 0.0102704
0.143798 0.0170872
0.143992 0.0102268
0.144185 0.00172612
0.144378 0.00686109
0.144571 0.0149862
0.144764 0.0104587
0.144957 0.0298141
0.14515 0.0180322
0.145343 0.00567489
0.145536 0.00328232
0.145729 0.0148035
0.145922 0.00838508
0.146115 0.00569068
0.146308 0.0195259
0.146501 0.00734443
0.146694 0.0173907
0.146887 0.00356702
0.14708 0.0105918
0.147273 0.00579369
0.147466 0.00169199
0.147659 0.00541005
0.147852 0.00441057
0.148045 0.00537287
0.148238 0.00684389
0.148431 0.00544667
0.148624 0.00231226
0.148817 0.0237227
0.14901 0.016477
0.149203 0.0133829
0.149396 0.00401807
0.149589 0.00636086
0.149782 0.0238838
0.149975 0.0175339
0.150168 0.00785572
0.150361 0.011748
0.150554 0.00503055
0.150747 0.0109431
0.15094 0.0112575
0.151133 0.00702941
0.151326 0.0283657
0.151519 0.0423044
0.151712 0.113797
0.151905 0.0112329
0.152098 0.0055697
0.152291 0.0393431
0.152484 0.00737496
0.152677 0.0145125
0.15287 0.000620533
0.153063 0.0140929
0.153256 0.00898658
0.153449 9.32781e-05
0.153642 0.000743406
0.153835 0.00646591
0.154028 0.0125478
0.154221 0.00390162
0.154414 0.0103169
0.154608 0.00227337
0.154801 0.0177697
0.154994 0.0144077
0.155187 0.00330884
0.15538 0.00443309
0.155573 0.0228906
0.155766 0.00465746
0.155959 0.0196044
0.156152 0.0087385
0.156345 0.00371648
0.156538 0.0042477
0.156731 0.00527042
0.156924 0.00889312
0.157117 0.00716704
0.15731 0.00420318
0.157503 0.00538752
0.157696 0.0123126
0.157889 0.0232408
0.158082 0.024712
0.158275 0.0196796
0.158468 0.0315906
0.158661 0.0127631
0.158854 0.00259893
0.159047 0.0081027
0.15924 0.00689454
0.159433 0.0121774
0.159626 0.0118622
0.159819 0.0136672
0.160012 0.0035868
0.160205 0.00753862
0.160398 0.00234851
0.160591 0.00714109
0.160784 0.0213915
0.160977 0.0342794
0.16117 0.0215614
0.161363 0.00705477
0.161556 0.00751401
0.161749 0.00773191
0.161942 0.000424132
0.162135 0.00422298
0.162328 0.00325305
0.162521 0.0200467
0.162714 0.00814882
0.162907 0.00249473
0.1631 0.0125725
0.163293 0.00541312
0.163486 0.00472759
0.163679 0.044605
0.163872 0.00845408
0.164065 0.00191346
0.164258 0.00335177
0.164451 0.00255361
0.164644 0.0152061
0.164837 0.014094
0.16503 0.0131924
0.165223 0.0126299
0.165417 0.0196242
0.16561 0.0105629
0.165803 0.00944128
0.165996 0.00249116
0.166189 0.00650559
0.166382 0.00191755
0.166575 0.0114689
0.166768 0.00389246
0.166961 0.00096615
0.167154 0.00405403
0.167347 0.0139138
0.16754 0.0138751
0.167733 0.0103191
0.167926 0.000964539
0.168119 0.02542
0.168312 0.000199321
0.168505 0.00475616
0.168698 0.00179841
0.168891 0.00824991
0.169084 0.00122053
0.169277 0.00540863
0.16947 0.0146906
0.169663 0.0279692
0.169856 0.0101702
0.170049 0.00163344
0.170242 0.000918805
0.170435 0.00232494
0.170628 0.00181387
0.170821 0.0130684
0.171014 0.00649971
0.171207 0.00438655
0.1714 0.0136308
0.171593 0.0791395
0.171786 0.053772
0.171979 0.0468986
0.172172 0.0125786
0.172365 0.00369422
0.172558 0.00839235
0.172751 7.36944e-05
0.172944 0.0103465
0.173137 0.00276829
0.17333 0.00276601
0.173523 0.0110496
0.173716 0.0100336
0.173909 0.0269261
0.174102 0.00321583
0.174295 0.0170303
0.174488 0.0100082
0.174681 0.00668699
0.174874 0.0014352
0.175067 0.0224159
0.17526 0.0019695
0.175453 0.000286702
0.175646 0.00613106
0.175839 0.00433979
0.176033 0.00920364
0.176226 0.0585492
0.176419 0.000142543
0.176612 0.00572461
0.176805 0.0166809
0.176998 0.0192829
0.177191 0.0165708
0.177384 0.0296314
0.177577 0.0156235
0.17777 0.00444353
0.177963 0.00102416
0.178156 0.00200021
0.178349 0.0139661
0.178542 0.00574421
0.178735 0.0359951
0.178928 0.032577
0.179121 0.00692862
0.179314 0.0296028
0.179507 0.0180687
0.1797 0.0522145
0.179893 0.0234851
0.180086 0.00899014
0.180279 0.0195485
0.180472 0.003508
0.180665 0.0105836
0.180858 0.0153285
0.181051 0.00863544
0.181244 0.0218706
0.181437 0.0146764
0.18163 0.0224539
0.181823 0.00877333
0.182016 0.00147556
0.182209 0.0263609
0.182402 0.0122967
0.182595 0.0145997
0.182788 0.00376896
0.182981 0.0143746
0.183174 0.012643
0.183367 0.0084688
0.18356 0.00278438
0.183753 0.00668991
0.183946 0.00650266
0.184139 0.0196513
0.184332 0.00675736
0.184525 0.0213631
0.184718 0.0091378
0.184911 0.00178172
0.185104 0.00021445
0.185297 0.0311333
0.18549 0.00953129
0.185683 0.00421346
0.185876 0.0238838
0.186069 0.00759851
0.186262 0.0018643
0.186455 0.0105541
0.186649 0.0190254
0.186842 0.0171029
0.187035 0.00504236
0.187228 0.0121174
0.187421 0.0072689
0.187614 0.00434425
0.187807 0.0101918
0.188 0.0172488
0.188193 0.0399688
0.188386 0.00201167
0.188579 0.019297
0.188772 0.0102393
0.188965 0.00495868
0.189158 4.853e-05
0.189351 0.00384674
0.189544 0.00297026
0.189737 0.00306112
0.18993 0.0240998
0.190123 0.000520192
0.190316 0.00219635
0.190509 0.00141761
0.190702 0.0386332
0.190895 0.0429817
0.191088 0.0194729
0.191281 0.0178658
0.191474 0.00516289
0.191667 0.02243
0.19186 0.0124359
0.192053 0.0200176
0.192246 0.0157748
0.192439 0.00988464
0.192632 0.00617579
0.192825 0.00777398
0.193018 0.0114989
0.193211 0.00588629
0.193404 0.0283949
0.193597 0.00353772
0.19379 0.00511916
0.193983 0.0233423
0.194176 0.0372393
0.194369 0.00730389
0.194562 0.00531748
0.194755 0.00143149
0.194948 0.0211863
0.195141 0.044879
0.195334 0.00613261
0.195527 0.00420448
0.19572 0.00430859
0.195913 0.00309862
0.196106 0.0154303
0.196299 0.00359603
0.196492 0.00437444
0.196685 0.00791988
0.196878 0.0169297
0.197071 0.0136941
0.197265 0.00685289
0.197458 0.0253565
0.197651 0.0205525
0.197844 0.0152074
0.198037 0.0136547
0.19823 0.0004299
0.198423 0.00263973
0.198616 0.00357098
0.198809 0.00157935
0.199002 0.0111636
0.199195 0.00558632
0.199388 0.0109239
0.199581 0.02201
0.199774 0.00731726
0.199967 0.00859336
0.20016 0.0122422
0.200353 0.0377832
0.200546 0.0359645
0.200739 0.00342054
0.200932 0.00174967
0.201125 0.019097
0.201318 0.0182824
0.201511 0.00850467
0.201704 0.00809538
0.201897 0.00061335
0.20209 0.0241472
0.202283 0.0648698
0.202476 0.035535
0.202669 0.0150738
0.202862 0.00852983
0.203055 0.0171686
0.203248 0.0195866
0.203441 0.000838963
0.203634 0.00443723
0.203827 0.013278
0.20402 0.00989013
0.204213 0.00499844
0.204406 0.0148382
0.204599 0.00331357
0.204792 0.0120003
0.204985 0.0187469
0.205178 0.011252
0.205371 0.00117691
0.205564 0.026116
0.205757 0.0104337
0.20595 0.000155211
0.206143 0.00156566
0.206336 0.00781317
0.206529 0.0129145
0.206722 0.0276599
0.206915 0.00364156
0.207108 0.0089901
0.207301 0.0382456
0.207494 0.00990201
0.207687 0.00165773
0.20788 0.00569977
0.208074 0.00452033
0.208267 0.00637827
0.20846 0.00884073
0.208653 0.0033555
0.208846 0.0288705
0.209039 0.0259786
0.209232 0.0347947
0.209425 0.0277374
0.209618 0.00534894
0.209811 0.00122273
0.210004 0.000129473
0.210197 0.00188086
0.21039 0.000546757
0.210583 0.00849146
0.210776 0.0147957
0.210969 0.0464091
0.211162 0.0278839
0.211355 0.0268028
0.211548 0.0109478
0.211741 0.00806098
0.211934 0.0574966
0.212127 0.00819065
0.21232 0.00263224
0.212513 0.00255835
0.212706 0.0185458
0.212899 0.0136966
0.213092 0.0102701
0.213285 0.00493279
0.213478 0.000122235
0.213671 0.0309351
0.213864 0.0504547
0.214057 0.0618793
0.21425 0.0593341
0.214443 0.0396289
0.214636 0.00322511
0.214829 0.0167456
0.215022 0.00606241
0.215215 0.0138893
0.215408 0.0190039
0.215601 0.0185978
0.215794 0.00696708
0.215987 0.00465574
0.21618 0.00739276
0.216373 0.0323135
0.216566 0.00312232
0.216759 0.0225933
0.216952 0.0393428
0.217145 0.0110059
0.217338 0.00666797
0.217531 0.00281579
0.217724 0.0135841
0.217917 0.04106
0.21811 0.0140261
0.218303 0.0114226
0.218496 0.00131026
0.21869 0.00132234
0.218883 0.00351858
0.219076 0.0248194
0.219269 0.0163385
0.219462 0.000592509
0.219655 0.00657357
0.219848 0.00661499
0.220041 0.0072288
0.220234 0.00101665
0.220427 0.00407365
0.22062 0.00744012
0.220813 0.00762933
0.221006 0.0162639
0.221199 0.014042
0.221392 0.0124316
0.221585 0.00837679
0.221778 0.0267234
0.221971 0.0248204
0.222164 0.00630128
0.222357 0.0198386
0.22255 0.0442049
0.222743 0.0186332
0.222936 0.0100912
0.223129 0.00796667
0.223322 0.00113436
0.223515 0.00250359
0.223708 0.000313459
0.223901 0.00330917
0.224094 0.00526229
0.224287 0.000675684
0.22448 0.00384823
0.224673 0.000649079
0.224866 0.00168754
0.225059 0.00796416
0.225252 0.0146224
0.225445 0.00316514
0.225638 0.0117716
0.225831 0.00385105
0.226024 0.016085
0.226217 0.00917652
0.22641 0.000311175
0.226603 0.0195117
0.226796 0.00303924
0.226989 0.00293218
0.227182 0.0342042
0.227375 0.00606944
0.227568 0.00668487
0.227761 0.0245855
0.227954 0.00943954
0.228147 0.0107668
0.22834 0.00262313
0.228533 0.00938622
0.228726 0.0103149
0.228919 0.000199746
0.229112 0.00444436
0.229306 0.00324521
0.229499 0.00615882
0.229692 0.0079335
0.229885 0.0199171
0.230078 0.00688894
0.230271 0.0249231
0.230464 0.0110891
0.230657 0.0246506
0.23085 0.00321131
0.231043 2.34507e-05
0.231236 0.0124701
0.231429 0.000809959
0.231622 0.012147
0.231815 0.0438827
0.232008 0.0109616
0.232201 0.0123066
0.232394 0.00582807
0.232587 0.0437258
0.23278 0.00465321
0.232973 0.00823524
0.233166 0.017726
0.233359 0.00195532
0.233552 0.0342439
0.233745 0.0167111
0.233938 0.0501583
0.234131 0.0251259
0.234324 0.00229457
0.234517 0.0120937
0.23471 0.0279905
0.234903 0.0246766
0.235096 0.000865863
0.235289 0.00342136
0.235482 0.0143773
0.235675 0.00580041
0.235868 0.0149035
0.236061 0.0223014
0.236254 0.0437307
0.236447 0.011872
0.23664 0.0140487
0.236833 0.017438
0.237026 0.0240764
0.237219 0.000454584
0.237412 0.00363608
0.237605 0.00771995
0.237798 0.00197577
0.237991 0.00518646
0.238184 0.00819713
0.238377 0.0150204
0.23857 0.000763698
0.238763 0.00199657
0.238956 0.00547606
0.239149 0.0173263
0.239342 0.0136166
0.239535 0.0089498
0.239728 0.0116256
0.239922 0.00983596
0.240115 0.0307762
0.240308 0.0382006
0.240501 0.0258013
0.240694 0.0212815
0.240887 0.0248626
0.24108 0.0244665
0.241273 0.042923
0.241466 0.0162431
0.241659 0.00609154
0.241852 0.0148493
0.242045 0.0155975
0.242238 0.0113734
0.242431 0.00853054
0.242624 0.00689029
0.242817 0.0182976
0.24301 0.00298561
0.243203 0.0123161
0.243396 0.0420552
0.243589 0.0141406
0.243782 0.0209032
0.243975 0.00822824
0.244168 0.00268434
0.244361 0.00855101
0.244554 0.0286758
0.244747 0.0189798
0.24494 0.0213298
0.245133 0.0152912
0.245326 0.0132354
0.245519 0.0300772
0.245712 0.0012713
0.245905 0.00671654
0.246098 0.0319331
0.246291 0.00343302
0.246484 0.0252967
0.246677 0.0238885
0.24687 0.00566406
0.247063 0.014117
0.247256 0.0243231
0.247449 0.019931
0.247642 0.00448753
0.247835 0.00546623
0.248028 0.0149248
0.248221 0.00495667
0.248414 0.00343738
0.248607 0.0200638
0.2488 0.0282502
0.248993 0.00798785
0.249186 0.00439039
0.249379 0.0155688
0.249572 0.0106988
0.249765 0.00121501
0.249958 0.00708986
0.250151 0.00146922
0.250344 0.0102328
0.250537 0.00740912
0.250731 0.00821265
0.250924 0.0118407
0.251117 0.000361474
0.25131 0.0136943
0.251503 0.00443935
0.251696 0.00394275
0.251889 0.00360653
0.252082 0.0245693
0.252275 0.00587463
0.252468 0.0142492
0.252661 0.0175658
0.252854 0.042762
0.253047 0.00250785
0.25324 0.0371215
0.253433 0.0233693
0.253626 0.051063
0.253819 0.0147738
0.254012 0.0165756
0.254205 0.0142171
0.254398 0.0071602
0.254591 0.0337436
0.254784 0.0461063
0.254977 0.00710225
0.25517 0.0050823
0.255363 0.00876038
0.255556 0.00176622
0.255749 0.00971363
0.255942 0.00154703
0.256135 0.0159454
0.256328 0.0421474
0.256521 0.0224719
0.256714 0.00202067
0.256907 0.000700996
0.2571 0.000751904
0.257293 0.0026327
0.257486 0.00628177
0.257679 0.000164041
0.257872 0.0014467
0.258065 0.0130971
0.258258 0.0135091
0.258451 0.0316844
0.258644 0.0180934
0.258837 0.0124767
0.25903 0.000564846
0.259223 0.0136258
0.259416 0.0517947
0.259609 0.0281378
0.259802 0.00500689
0.259995 0.0145726
0.260188 0.0128824
0.260381 0.00225429
0.260574 0.00441923
0.260767 0.0356338
0.26096 0.0107395
0.261153 0.0141412
0.261347 0.00339294
0.26154 0.00470624
0.261733 0.00123171
0.261926 0.00857374
0.262119 0.0350948
0.262312 0.0268616
0.262505 0.0118727
0.262698 0.0022852
0.262891 0.00982908
0.263084 0.000271814
0.263277 0.00664683
0.26347 0.0264309
0.263663 0.0351034
0.263856 0.00355825
0.264049 0.00448604
0.264242 0.00256563
0.264435 0.000325399
0.264628 0.00541342
0.264821 0.0258751
0.265014 0.0473158
0.265207 0.0258244
0.2654 0.0166248
0.265593 0.00924415
0.265786 0.0122402
0.265979 0.000245333
0.266172 0.0144062
0.266365 0.0107976
0.266558 0.00831727
0.266751 0.0048528
0.266944 0.00164091
0.267137 0.019392
0.26733 0.0149151
0.267523 0.00375725
0.267716 0.00950483
0.267909 0.0084107
0.268102 0.0480875
0.268295 0.0156729
0.268488 0.00406976
0.268681 0.00116701
0.268874 0.00757849
0.269067 0.0149012
0.26926 0.000299036
0.269453 0.00246947
0.269646 0.00974133
0.269839 0.021947
0.270032 0.0571125
0.270225 0.00398356
0.270418 0.0133473
0.270611 0.00352289
0.270804 0.0121665
0.270997 0.000999164
0.27119 0.0301266
0.271383 0.00644968
0.271576 0.00545185
0.271769 0.00471676
0.271963 0.0114241
0.272156 0.0134476
0.272349 0.00102138
0.272542 0.0199118
0.272735 0.00593962
0.272928 0.00417309
0.273121 0.0170276
0.273314 0.0561321
0.273507 0.0193793
0.2737 0.0197078
0.273893 0.0104213
0.274086 0.000453203
0.274279 0.00746909
0.274472 0.00105983
0.274665 0.017042
0.274858 0.0274974
0.275051 0.000152067
0.275244 0.00611402
0.275437 0.00710433
0.27563 0.00176332
0.275823 0.00628518
0.276016 0.00399751
0.276209 0.00613859
0.276402 0.0155612
0.276595 0.00943937
0.276788 0.00318674
0.276981 0.0413006
0.277174 0.00381621
0.277367 0.00321669
0.27756 0.0139551
0.277753 0.00400288
0.277946 0.00585577
0.278139 0.0137902
0.278332 0.000670515
0.278525 0.00963023
0.278718 0.0335765
0.278911 0.0385431
0.279104 0.00951685
0.279297 0.000621607
0.27949 0.00686338
0.279683 0.0481204
0.279876 0.0156308
0.280069 0.00107214
0.280262 0.00466282
0.280455 0.0125928
0.280648 0.00075395
0.280841 0.0126689
0.281034 0.00308796
0.281227 0.00505021
0.28142 0.00201
0.281613 0.0016454
0.281806 0.00824566
0.281999 0.0184597
0.282192 0.00859254
0.282385 0.0012104
0.282579 0.00509967
0.282772 0.00184658
0.282965 0.013647
0.283158 0.0118997
0.283351 0.0289203
0.283544 0.0033891
0.283737 0.00241073
0.28393 0.0111456
0.284123 0.0102648
0.284316 0.00228968
0.284509 0.00372595
0.284702 0.0240192
0.284895 0.0455209
0.285088 0.0266519
0.285281 0.00281741
0.285474 0.00157042
0.285667 0.0254411
0.28586 0.0363009
0.286053 0.014444
0.286246 0.00640353
0.286439 0.0294714
0.286632 0.0420305
0.286825 0.0200032
0.287018 0.0188829
0.287211 0.00474943
0.287404 0.00156825
0.287597 0.0260448
0.28779 0.0140277
0.287983 0.0208612
0.288176 0.00106647
0.288369 0.0307372
0.288562 0.0116101
0.288755 0.000886954
0.288948 0.00268144
0.289141 0.0205527
0.289334 0.00111862
0.289527 0.00502156
0.28972 0.0325517
0.289913 0.0189732
0.290106 0.00914097
0.290299 0.000677169
0.290492 0.00900747
0.290685 0.0160196
0.290878 0.0398987
0.291071 0.0175917
0.291264 0.0572269
0.291457 0.0186475
0.29165 0.00663468
0.291843 0.0023988
0.292036 0.0192907
0.292229 0.00253862
0.292422 0.0273363
0.292615 0.0159723
0.292808 0.00418506
0.293001 0.0272123
0.293195 0.000773132
0.293388 0.00337084
0.293581 0.00213474
0.293774 0.000969743
0.293967 0.0165372
0.29416 0.00176698
0.294353 0.00661602
0.294546 0.0118899
0.294739 0.0129637
0.294932 0.000534889
0.295125 0.00459014
0.295318 0.0104085
0.295511 0.00789416
0.295704 0.0174489
0.295897 0.0144864
0.29609 0.0164981
0.296283 0.00039608
0.296476 0.0119515
0.296669 0.00883655
0.296862 0.00882293
0.297055 0.00614281
0.297248 0.00753115
0.297441 0.0173684
0.297634 0.0107881
0.297827 0.00512155
0.29802 0.00730179
0.298213 0.0024196
0.298406 0.0106926
0.298599 0.000393232
0.298792 0.00481026
0.298985 0.019221
0.299178 0.00999405
0.299371 0.00765383
0.299564 0.00937043
0.299757 0.00891626
0.29995 0.0183342
0.300143 0.00296551
0.300336 0.00553532
0.300529 0.0150553
0.300722 0.00513593
0.300915 0.0278751
0.301108 0.0185494
0.301301 0.00229031
0.301494 0.0128843
0.301687 0.024253
0.30188 0.00994856
0.302073 0.00246881
0.302266 0.00998387
0.302459 0.0177743
0.302652 0.00224602
0.302845 0.00812546
0.303038 0.0137198
0.303231 0.0275517
0.303424 0.00362747
0.303617 0.0111116
0.30381 0.00318897
0.304004 0.00547848
0.304197 0.0376225
0.30439 0.00108316
0.304583 0.00805393
0.304776 0.00864305
0.304969 0.027176
0.305162 0.00136316
0.305355 0.0412941
0.305548 0.0103932
0.305741 0.013285
0.305934 0.0225177
0.306127 0.0104208
0.30632 0.0196778
0.306513 0.0249714
0.306706 0.0152107
0.306899 0.00360698
0.307092 0.0200948
0.307285 0.00588404
0.307478 0.00685781
0.307671 0.0371761
0.307864 0.000205061
0.308057 0.00245898
0.30825 0.02995
0.308443 0.00703297
0.308636 0.00829092
0.308829 0.00929522
0.309022 0.000424757
0.309215 0.0115795
0.309408 0.00596538
0.309601 0.0166094
0.309794 0.0165335
0.309987 0.00490115
0.31018 0.00398271
0.310373 0.00784897
0.310566 0.00902307
0.310759 0.00672497
0.310952 0.00600938
0.311145 0.0107621
0.311338 0.00429999
0.311531 0.0392346
0.311724 0.00452656
0.311917 0.00435377
0.31211 0.00100886
0.312303 0.0240203
0.312496 0.0128834
0.312689 0.000788767
0.312882 0.0398793
0.313075 0.0019289
0.313268 0.0101353
0.313461 0.0120202
0.313654 0.0225071
0.313847 0.0027938
0.31404 0.000885433
0.314233 0.00114615
0.314426 0.0102064
0.31462 0.0027541
0.314813 0.00579133
0.315006 0.0036032
0.315199 0.0029212
0.315392 0.00256698
0.315585 0.0104674
0.315778 0.0272584
0.315971 0.0608676
0.316164 0.00111229
0.316357 0.00153491
0.31655 0.00433785
0.316743 0.00383439
0.316936 0.0281851
0.317129 0.0136657
0.317322 0.010379
0.317515 0.0470169
0.317708 0.0249969
0.317901 0.0143145
0.318094 0.0363709
0.318287 0.0211239
0.31848 0.0076152
0.318673 0.0313894
0.318866 0.00829265
0.319059 0.00457026
0.319252 0.0183277
0.319445 0.0010498
0.319638 0.00816195
0.319831 0.0358408
0.320024 0.000766544
0.320217 0.00589191
0.32041 0.00166657
0.320603 0.00739946
0.320796 0.0231908
0.320989 0.0223658
0.321182 0.0159473
0.321375 0.00151802
0.321568 0.00618846
0.321761 0.0155378
0.321954 0.0259718
0.322147 0.0113105
0.32234 0.0229209
0.322533 0.00384451
0.322726 0.0020661
0.322919 0.0224235
0.323112 0.00926514
0.323305 0.0162097
0.323498 0.00528678
0.323691 0.000648219
0.323884 0.00476355
0.324077 0.00504465
0.32427 0.0384821
0.324463 0.00309174
0.324656 0.0106204
0.324849 0.00630587
0.325042 0.00927572
0.325236 0.00484695
0.325429 0.00231679
0.325622 0.0117474
0.325815 0.0211675
0.326008 0.0161922
0.326201 0.00398486
0.326394 0.0169733
0.326587 0.00773222
0.32678 0.00536136
0.326973 0.0105792
0.327166 0.00276981
0.327359 0.0163467
0.327552 0.00213064
0.327745 0.00687737
0.327938 0.00120737
0.328131 0.00769769
0.328324 0.00189316
0.328517 0.00543112
0.32871 0.0434539
0.328903 0.0157905
0.329096 0.0428397
0.329289 0.00956802
0.329482 0.00706873
0.329675 0.0194347
0.329868 0.0405495
0.330061 0.0122901
0.330254 0.000201731
0.330447 0.0061277
0.33064 0.00285418
0.330833 0.00924537
0.331026 0.00228089
0.331219 0.00172772
0.331412 0.000755836
0.331605 0.00660169
0.331798 0.00172075
0.331991 0.00679047
0.332184 0.042999
0.332377 0.0280455
0.33257 0.00135998
0.332763 0.0107436
0.332956 0.029436
0.333149 0.00887532
0.333342 0.00497795
0.333535 0.00620387
0.333728 0.00144674
0.333921 0.00231186
0.334114 0.0230387
0.334307 0.0216457
0.3345 0.00872842
0.334693 0.00257424
0.334886 0.0201932
0.335079 0.0446563
0.335272 0.00651856
0.335465 0.0140319
0.335658 0.0371038
0.335852 0.00177658
0.336045 0.00648318
0.336238 0.0269512
0.336431 0.00142177
0.336624 0.00297447
0.336817 0.0611171
0.33701 0.0280026
0.337203 0.017503
0.337396 0.00298491
0.337589 0.00425792
0.337782 0.0277613
0.337975 0.015262
0.338168 0.0159209
0.338361 0.0179963
0.338554 0.0260303
0.338747 0.0394297
0.33894 0.0101667
0.339133 0.0066771
0.339326 0.00191763
0.339519 0.0111421
0.339712 0.0103508
0.339905 0.00363413
0.340098 0.000558042
0.340291 0.0130641
0.340484 0.0296696
0.340677 0.0186854
0.34087 0.00675822
0.341063 0.00842092
0.341256 0.0181049
0.341449 0.000623118
0.341642 0.000249914
0.341835 0.0137161
0.342028 0.007664
0.342221 0.0101501
0.342414 0.0156081
0.342607 0.00589133
0.3428 0.00871021
0.342993 0.0130041
0.343186 0.018283
0.343379 0.0108904
0.343572 0.00610305
0.343765 0.0192588
0.343958 0.00198483
0.344151 0.00303797
0.344344 0.0028308
0.344537 0.00783751
0.34473 0.0157787
0.344923 0.0123523
0.345116 0.0221787
0.345309 0.00756675
0.345502 0.00388479
0.345695 0.0077688
0.345888 0.0156962
0.346081 0.0106805
0.346274 0.00346242
0.346467 0.00530276
0.346661 0.000395163
0.346854 0.021697
0.347047 0.00392414
0.34724 0.00343134
0.347433 0.00137955
0.347626 0.000222462
0.347819 0.00334368
0.348012 0.0175528
0.348205 0.0259258
0.348398 0.00237973
0.348591 0.0150417
0.348784 0.00865337
0.348977 0.00212639
0.34917 0.0322995
0.349363 0.00577387
0.349556 0.00301982
0.349749 0.00778954
0.349942 0.00937561
0.350135 0.0202127
0.350328 0.0154727
0.350521 0.0180213
0.350714 0.00472527
0.350907 0.0115277
0.3511 0.00752439
0.351293 0.0233611
0.351486 0.00318973
0.351679 0.00355
0.351872 0.0103227
0.352065 0.0204076
0.352258 0.000673667
0.352451 0.0345317
0.352644 0.0462378
0.352837 0.00653323
0.35303 0.00343652
0.353223 0.0134261
0.353416 0.00294615
0.353609 0.000858951
0.353802 0.000140833
0.353995 0.0127963
0.354188 0.00424488
0.354381 0.0107322
0.354574 0.02511
0.354767 0.0119754
0.35496 0.00346344
0.355153 0.0229675
0.355346 0.0561659
0.355539 0.0508043
0.355732 0.0519705
0.355925 0.00959457
0.356118 0.00438649
0.356311 0.0216692
0.356504 0.0234788
0.356697 0.0201134
0.35689 0.00668951
0.357083 0.00591221
0.357277 0.010556
0.35747 0.0109925
0.357663 0.0131589
0.357856 0.00747677
0.358049 0.00716402
0.358242 0.070696
0.358435 0.0124767
0.358628 0.028508
0.358821 0.0169956
0.359014 0.00950382
0.359207 0.0228877
0.3594 0.0331496
0.359593 0.00787847
0.359786 0.0127491
0.359979 0.0423166
0.360172 0.0332481
0.360365 0.0695652
0.360558 0.0408829
0.360751 3.50804e-05
0.360944 0.0126902
0.361137 0.00127508
0.36133 0.019792
0.361523 0.00976863
0.361716 0.000966926
0.361909 0.00555048
0.362102 0.00658823
0.362295 0.00749082
0.362488 0.00911587
0.362681 0.0058208
0.362874 0.00467767
0.363067 0.0635319
0.36326 0.0476903
0.363453 0.0101512
0.363646 0.0153527
0.363839 0.0331822
0.364032 0.000349216
0.364225 0.0125372
0.364418 0.0128074
0.364611 0.00559511
0.364804 0.0157038
0.364997 0.00224026
0.36519 0.0225568
0.365383 0.000657651
0.365576 0.00246876
0.365769 0.00540601
0.365962 0.0101201
0.366155 0.00500241
0.366348 0.00189915
0.366541 0.0315519
0.366734 0.013261
0.366927 0.0091717
0.36712 0.00231352
0.367313 0.00677247
0.367506 0.00552919
0.367699 0.0179171
0.367893 0.00620157
0.368086 0.000975756
0.368279 0.0139554
0.368472 0.0262257
0.368665 0.0206132
0.368858 0.0123216
0.369051 0.00102474
0.369244 0.00348331
0.369437 0.0117956
0.36963 0.000251968
0.369823 0.0043564
0.370016 0.0143748
0.370209 0.00071459
0.370402 0.00367254
0.370595 0.0101694
0.370788 0.00290496
0.370981 0.00404312
0.371174 0.00358032
0.371367 0.00855952
0.37156 0.00368108
0.371753 0.000321865
0.371946 0.00750668
0.372139 0.00727004
0.372332 0.00479934
0.372525 0.000260028
0.372718 0.00158721
0.372911 0.0102854
0.373104 0.000884278
0.373297 0.00837327
0.37349 0.00313607
0.373683 0.00329409
0.373876 0.0062787
0.374069 0.0011188
0.374262 0.00426087
0.374455 0.025308
0.374648 0.0102695
0.374841 0.0164784
0.375034 0.015756
0.375227 0.0397833
0.37542 0.000795053
0.375613 0.0216532
0.375806 0.0385636
0.375999 0.0148984
0.376192 0.0254448
0.376385 0.00307191
0.376578 0.00997563
0.376771 0.00129933
0.376964 0.0146316
0.377157 0.00847398
0.37735 0.0112237
0.377543 0.0208542
0.377736 0.000896151
0.377929 0.0265172
0.378122 0.0336225
0.378315 0.035827
0.378509 0.000200113
0.378702 0.00349067
0.378895 0.0109353
0.379088 0.0106601
0.379281 0.000955593
0.379474 0.00707808
0.379667 0.0147747
0.37986 0.000633934
0.380053 0.0141054
0.380246 0.0219105
0.380439 0.000223238
0.380632 0.0229621
0.380825 0.0180058
0.381018 0.0312134
0.381211 0.0106064
0.381404 0.0211292
0.381597 0.0116697
0.38179 0.00636002
0.381983 0.00082254
0.382176 0.0094439
0.382369 0.00496731
0.382562 0.0039452
0.382755 0.0146375
0.382948 0.0298957
0.383141 0.0152793
0.383334 0.000461333
0.383527 0.0121728
0.38372 0.0251819
0.383913 0.00833286
0.384106 0.0181938
0.384299 0.00456724
0.384492 0.00203228
0.384685 0.00194302
0.384878 0.00274686
0.385071 0.00167669
0.385264 0.00322687
0.385457 0.00145783
0.38565 0.00506328
0.385843 0.0139762
0.386036 0.0317266
0.386229 0.00451322
0.386422 0.00135754
0.386615 0.000164053
0.386808 0.010252
0.387001 0.0133863
0.387194 0.0308079
0.387387 0.00260192
0.38758 0.00766973
0.387773 0.0178403
0.387966 0.00087121
0.388159 0.000869521
0.388352 0.00763601
0.388545 0.0323335
0.388738 0.0275958
0.388931 0.032077
0.389124 0.00325254
0.389318 0.00154796
0.389511 0.00555017
0.389704 0.00985917
0.389897 0.00430394
0.39009 0.0603786
0.390283 0.00843211
0.390476 0.00268939
0.390669 0.012219
0.390862 0.0261258
0.391055 0.0125936
0.391248 0.00285604
0.391441 0.00845018
0.391634 0.0030102
0.391827 0.011959
0.39202 0.00288578
0.392213 0.000218849
0.392406 0.0249198
0.392599 0.0154957
0.392792 0.000204616
0.392985 0.00697222
0.393178 0.00312221
0.393371 0.03528
0.393564 0.00224387
0.393757 0.00759701
0.39395 0.00417384
0.394143 8.23972e-05
0.394336 0.000617307
0.394529 0.00188998
0.394722 0.00403088
0.394915 0.00606743
0.395108 0.00124487
0.395301 0.0134681
0.395494 0.0275943
0.395687 0.00555279
0.39588 0.00242853
0.396073 0.0139117
0.396266 0.00312064
0.396459 0.0119811
0.396652 0.0069991
0.396845 0.036421
0.397038 0.0049608
0.397231 0.00790602
0.397424 0.00817013
0.397617 0.000891307
0.39781 0.00452065
0.398003 0.00845186
0.398196 0.0284987
0.398389 0.0225533
0.398582 0.00418044
0.398775 0.00337299
0.398968 0.00580312
0.399161 0.0297103
0.399354 0.0220897
0.399547 0.00679197
0.39974 0.0035901
0.399934 0.0149252
0.400127 0.00441072
0.40032 0.0171637
0.400513 0.00899573
0.400706 0.000255878
0.400899 0.0157722
0.401092 0.0167184
0.401285 0.012445
0.401478 0.0229314
0.401671 0.000780518
0.401864 0.00646609
0.402057 0.00424855
0.40225 0.00219634
0.402443 0.00614318
0.402636 0.00591287
0.402829 0.0293491
0.403022 0.00220984
0.403215 0.0110524
0.403408 0.00500326
0.403601 0.0078564
0.403794 0.0114111
0.403987 0.0149009
0.40418 0.00205426
0.404373 0.0128444
0.404566 0.0306239
0.404759 0.00185983
0.404952 0.016226
0.405145 0.00172682
0.405338 0.013303
0.405531 0.0609377
0.405724 0.00588932
0.405917 0.0163486
0.40611 0.0119011
0.406303 0.009668
0.406496 0.0117834
0.406689 0.00544845
0.406882 0.0155686
0.407075 0.0206796
0.407268 0.00787345
0.407461 0.0332847
0.407654 0.00664464
0.407847 0.00671461
0.40804 0.00616764
0.408233 0.00522466
0.408426 0.033701
0.408619 0.00150078
0.408812 0.00113164
0.409005 0.00955535
0.409198 0.0132212
0.409391 0.0136682
0.409584 0.00503697
0.409777 0.0277066
0.40997 0.0147102
0.410163 0.0126233
0.410356 0.0115721
0.41055 0.0103936
0.410743 0.00910005
0.410936 0.0225609
0.411129 0.0103654
0.411322 0.00364203
0.411515 0.0148831
0.411708 0.0148372
0.411901 0.00324081
0.412094 0.0300312
0.412287 0.0478701
0.41248 0.0304775
0.412673 0.030988
0.412866 0.0157359
0.413059 0.00278884
0.413252 0.0126126
0.413445 0.00639673
0.413638 0.00374228
0.413831 0.00363424
0.414024 0.0043769
0.414217 0.0454898
0.41441 0.0275257
0.414603 1.71955e-07
0.414796 0.0015774
0.414989 0.0167765
0.415182 0.0116194
0.415375 0.0175787
0.415568 0.00919141
0.415761 0.0182365
0.415954 0.060093
0.416147 0.0729849
0.41634 0.0246975
0.416533 0.0027196
0.416726 0.0185559
0.416919 0.0387007
0.417112 0.0236737
0.417305 0.00251678
0.417498 0.0100225
0.417691 0.0176957
0.417884 0.00715324
0.418077 0.0364815
0.41827 0.00720153
0.418463 0.00514715
0.418656 0.0399424
0.418849 0.0356954
0.419042 0.0144045
0.419235 0.0346964
0.419428 0.025326
0.419621 0.0205958
0.419814 0.00196024
0.420007 0.00183054
0.4202 0.00108393
0.420393 0.00645856
0.420586 0.0245836
0.420779 0.00705291
0.420972 0.000178363
0.421166 0.0101923
0.421359 0.00206333
0.421552 0.00626125
0.421745 0.00311741
0.421938 0.0087598
0.422131 0.00464401
0.422324 0.00414266
0.422517 0.0147291
0.42271 0.00335182
0.422903 9.84336e-05
0.423096 0.013568
0.423289 0.00154455
0.423482 0.00358341
0.423675 0.00816661
0.423868 0.0102248
0.424061 0.0266638
0.424254 0.0159991
0.424447 0.0192733
0.42464 0.00351278
0.424833 0.0277419
0.425026 0.0258317
0.425219 0.0136339
0.425412 9.96326e-06
0.425605 0.0103034
0.425798 0.00766599
0.425991 0.0195612
0.426184 0.0281096
0.426377 0.00030342
0.42657 0.017551
0.426763 0.00119839
0.426956 0.0154842
0.427149 0.00716452
0.427342 0.0117785
0.427535 0.019908
0.427728 0.0257935
0.427921 0.0160182
0.428114 0.00239895
0.428307 0.0386789
0.4285 0.0063811
0.428693 0.00667116
0.428886 0.00112111
0.429079 0.00391986
0.429272 0.0280277
0.429465 0.0264184
0.429658 0.00392745
0.429851 0.0196677
0.430044 0.0221776
0.430237 0.0253479
0.43043 0.0105999
0.430623 0.00382843
0.430816 0.0109866
0.431009 0.0493107
0.431202 0.016084
0.431395 0.00482876
0.431588 0.00370075
0.431781 0.00167638
0.431975 0.00369266
0.432168 0.0153448
0.432361 0.00527488
0.432554 0.0190087
0.432747 0.026543
0.43294 0.0312709
0.433133 0.0517506
0.433326 0.0239064
0.433519 0.00629879
0.433712 0.0698234
0.433905 0.0776693
0.434098 0.0101691
0.434291 0.00305281
0.434484 0.017798
0.434677 0.00867955
0.43487 0.00283699
0.435063 0.0021235
0.435256 0.00410937
0.435449 0.00919659
0.435642 0.00280013
0.435835 0.00222111
0.436028 0.0224122
0.436221 0.0158591
0.436414 0.00854162
0.436607 0.000937393
0.4368 0.00415249
0.436993 0.0119744
0.437186 0.010325
0.437379 0.0182358
0.437572 0.00257028
0.437765 0.00707727
0.437958 0.0262014
0.438151 0.0199877
0.438344 0.00898229
0.438537 0.00280358
0.43873 0.00693367
0.438923 0.0474868
0.439116 0.0124519
0.439309 0.0076555
0.439502 0.00801888
0.439695 0.00869973
0.439888 0.0176551
0.440081 0.000651257
0.440274 0.000280181
0.440467 0.00431114
0.44066 0.000877697
0.440853 0.0240357
0.441046 0.00295545
