0.000193018 5.69208e-32
0.000386036 1.22414e-32
0.000579054 9.72267e-33
0.000772072 3.96136e-32
0.000965091 2.98146e-32
0.00115811 3.5478e-32
0.00135113 6.4332e-32
0.00154414 6.80061e-33
0.00173716 4.03873e-34
0.00193018 8.12754e-33
0.0021232 5.90206e-33
0.00231622 1.50522e-33
0.00250924 1.46151e-32
0.00270225 5.77587e-32
0.00289527 3.00878e-32
0.00308829 8.13386e-32
0.00328131 3.6336e-32
0.00347433 4.1449e-32
0.00366734 2.3502e-32
0.00386036 7.02595e-33
0.00405338 2.3517e-32
0.0042464 7.92429e-33
0.00443942 5.47477e-33
0.00463243 1.83742e-32
0.00482545 2.51098e-32
0.00501847 3.51208e-32
0.00521149 9.24575e-33
0.00540451 4.67215e-32
0.00559753 2.65388e-31
0.00579054 7.50805e-32
0.00598356 6.74166e-32
0.00617658 8.33624e-34
0.0063696 4.40136e-32
0.00656262 6.44865e-34
0.00675563 3.13484e-32
0.00694865 6.77348e-32
0.00714167 1.73618e-32
0.00733469 1.58061e-31
0.00752771 5.55048e-32
0.00772072 1.72232e-31
0.00791374 2.01519e-31
0.00810676 2.24965e-31
0.00829978 1.20964e-31
0.0084928 1.68262e-31
0.00868581 1.56472e-32
0.00887883 9.92161e-32
0.00907185 3.64443e-31
0.00926487 1.52375e-31
0.00945789 5.02723e-32
0.00965091 2.43764e-32
0.00984392 2.54264e-32
0.0100369 6.80572e-32
0.01023 1.14811e-31
0.010423 9.57002e-32
0.010616 9.04357e-33
0.010809 7.44772e-32
0.011002 4.21772e-31
0.0111951 4.62987e-32
0.0113881 1.91906e-31
0.0115811 2.23266e-31
0.0117741 3.34495e-31
0.0119671 3.03536e-31
0.0121601 4.40023e-31
0.0123532 1.70924e-31
0.0125462 2.75099e-31
0.0127392 2.46635e-32
0.0129322 1.59421e-31
0.0131252 3.24933e-31
0.0133182 4.71974e-31
0.0135113 1.93797e-31
0.0137043 4.18825e-31
0.0138973 8.97307e-31
0.0140903 1.15059e-30
0.0142833 6.44907e-31
0.0144764 4.29563e-31
0.0146694 2.0919e-31
0.0148624 6.46504e-32
0.0150554 2.41759e-31
0.0152484 8.95547e-32
0.0154414 2.2306e-31
0.0156345 3.92588e-31
0.0158275 1.35222e-31
0.0160205 3.94197e-31
0.0162135 3.23155e-31
0.0164065 1.52296e-31
0.0165996 3.73887e-31
0.0167926 4.70068e-31
0.0169856 3.66613e-31
0.0171786 1.74041e-31
0.0173716 5.7788e-32
0.0175646 1.99063e-32
0.0177577 4.01378e-32
0.0179507 1.25696e-31
0.0181437 1.85345e-31
0.0183367 3.87657e-31
0.0185297 1.57244e-31
0.0187228 3.81617e-31
0.0189158 5.54905e-33
0.0191088 1.19991e-32
0.0193018 4.31424e-32
0.0194948 1.9328e-31
0.0196878 2.00896e-31
0.0198809 1.30245e-31
0.0200739 1.94005e-31
0.0202669 5.08376e-32
0.0204599 4.49515e-32
0.0206529 7.957e-32
0.020846 4.22051e-32
0.021039 7.11171e-31
0.021232 2.28261e-31
0.021425 6.51101e-31
0.021618 1.01379e-31
0.021811 2.40175e-31
0.0220041 2.01235e-31
0.0221971 5.24625e-33
0.0223901 7.86833e-32
0.0225831 1.38582e-31
0.0227761 2.18623e-31
0.0229692 2.01717e-31
0.0231622 2.48228e-32
0.0233552 3.90843e-32
0.0235482 4.55219e-32
0.0237412 4.88897e-32
0.0239342 2.35144e-31
0.0241273 3.39299e-31
0.0243203 3.13997e-31
0.0245133 6.59442e-31
0.0247063 3.1686e-31
0.0248993 4.65401e-31
0.0250924 2.93882e-31
0.0252854 4.42358e-31
0.0254784 5.65116e-31
0.0256714 7.28113e-31
0.0258644 7.45066e-31
0.0260574 2.30852e-31
0.0262505 6.06832e-34
0.0264435 1.81838e-31
0.0266365 7.1529e-32
0.0268295 3.25975e-32
0.0270225 4.27386e-31
0.0272156 1.6915e-31
0.0274086 2.984e-31
0.0276016 3.00517e-31
0.0277946 6.42055e-31
0.0279876 3.64895e-31
0.0281806 4.60251e-31
0.0283737 3.70734e-31
0.0285667 7.85922e-32
0.0287597 8.13135e-32
0.0289527 1.03293e-31
0.0291457 1.53706e-31
0.0293388 5.27773e-31
0.0295318 3.72307e-31
0.0297248 2.30838e-31
0.0299178 4.94858e-31
0.0301108 2.00543e-31
0.0303038 1.04975e-31
0.0304969 2.517e-31
0.0306899 6.3402e-33
0.0308829 1.13987e-31
0.0310759 1.0739e-31
0.0312689 1.0969e-31
0.031462 8.33515e-32
0.031655 1.3168e-31
0.031848 3.37748e-31
0.032041 5.37423e-31
0.032234 2.40288e-31
0.032427 4.10568e-31
0.0326201 8.18915e-32
0.0328131 3.41966e-31
0.0330061 1.34591e-31
0.0331991 1.6579e-31
0.0333921 7.03661e-32
0.0335852 5.8551e-32
0.0337782 8.05398e-32
0.0339712 3.33923e-31
0.0341642 2.34377e-31
0.0343572 1.98e-31
0.0345502 5.58453e-31
0.0347433 4.27904e-31
0.0349363 6.61134e-32
0.0351293 2.07511e-31
0.0353223 3.12711e-31
0.0355153 2.66442e-32
0.0357083 1.67392e-31
0.0359014 2.61375e-31
0.0360944 1.52424e-31
0.0362874 2.62916e-31
0.0364804 2.15897e-31
0.0366734 3.44577e-33
0.0368665 4.46331e-31
0.0370595 2.08005e-31
0.0372525 2.09903e-31
0.0374455 1.06124e-31
0.0376385 6.62499e-32
0.0378315 3.20245e-31
0.0380246 1.25602e-31
0.0382176 1.27775e-31
0.0384106 2.00528e-31
0.0386036 1.77983e-32
0.0387966 1.20189e-31
0.0389897 1.89672e-31
0.0391827 2.97354e-31
0.0393757 3.23494e-31
0.0395687 8.35519e-32
0.0397617 4.15469e-32
0.0399547 3.64811e-31
0.0401478 9.45804e-32
0.0403408 2.81298e-31
0.0405338 8.0017e-32
0.0407268 5.26879e-32
0.0409198 3.05499e-32
0.0411129 3.46978e-32
0.0413059 1.76928e-31
0.0414989 1.31494e-31
0.0416919 3.03881e-31
0.0418849 7.28424e-32
0.0420779 4.24075e-32
0.042271 3.42369e-32
0.042464 1.26496e-31
0.042657 6.76731e-31
0.04285 4.17778e-31
0.043043 3.73202e-31
0.0432361 1.48109e-31
0.0434291 1.05181e-31
0.0436221 1.96399e-31
0.0438151 1.01127e-31
0.0440081 1.62999e-31
0.0442011 2.69637e-32
0.0443942 3.92764e-32
0.0445872 1.4341e-31
0.0447802 9.59718e-32
0.0449732 3.80273e-32
0.0451662 2.42927e-31
0.0453593 4.2519e-31
0.0455523 3.00416e-31
0.0457453 2.87729e-31
0.0459383 3.39852e-31
0.0461313 1.64961e-31
0.0463243 1.7787e-31
0.0465174 6.20776e-31
0.0467104 1.90723e-32
0.0469034 1.90371e-31
0.0470964 5.48221e-32
0.0472894 2.16243e-31
0.0474825 1.94056e-31
0.0476755 7.11251e-32
0.0478685 2.30505e-31
0.0480615 1.38088e-31
0.0482545 4.90773e-32
0.0484475 2.75983e-32
0.0486406 1.22025e-31
0.0488336 2.24594e-31
0.0490266 3.08866e-32
0.0492196 7.87582e-32
0.0494126 6.89983e-32
0.0496057 2.50414e-33
0.0497987 3.68085e-32
0.0499917 7.20787e-32
0.0501847 7.73776e-32
0.0503777 1.50297e-31
0.0505707 1.35504e-32
0.0507638 1.10038e-32
0.0509568 1.43392e-31
0.0511498 1.60728e-32
0.0513428 2.62432e-31
0.0515358 2.07853e-31
0.0517289 2.39894e-32
0.0519219 1.82714e-32
0.0521149 5.5902e-32
0.0523079 1.48318e-31
0.0525009 3.9214e-32
0.0526939 6.47539e-32
0.052887 2.64391e-31
0.05308 3.43376e-31
0.053273 2.94959e-31
0.053466 1.21737e-31
0.053659 1.46814e-31
0.0538521 5.55991e-32
0.0540451 6.36637e-33
0.0542381 2.08077e-32
0.0544311 2.14008e-32
0.0546241 7.37444e-33
0.0548171 3.33984e-32
0.0550102 1.73784e-31
0.0552032 1.45722e-31
0.0553962 7.22367e-32
0.0555892 9.9262e-32
0.0557822 1.34781e-31
0.0559753 1.26363e-31
0.0561683 1.735e-32
0.0563613 2.35243e-32
0.0565543 4.12013e-32
0.0567473 3.27823e-32
0.0569403 1.59169e-31
0.0571334 3.0294e-31
0.0573264 4.47183e-31
0.0575194 5.49494e-31
0.0577124 3.54667e-31
0.0579054 6.30252e-33
0.0580984 2.6725e-32
0.0582915 4.97115e-32
0.0584845 5.80514e-32
0.0586775 9.20933e-32
0.0588705 1.02985e-31
0.0590635 1.02677e-31
0.0592566 7.81697e-32
0.0594496 1.48869e-32
0.0596426 5.91607e-32
0.0598356 5.63687e-32
0.0600286 2.87897e-32
0.0602216 3.3171e-32
0.0604147 1.34921e-31
0.0606077 4.13728e-32
0.0608007 4.4384e-32
0.0609937 1.41509e-32
0.0611867 1.96641e-32
0.0613798 1.61512e-31
0.0615728 1.27634e-31
0.0617658 1.74518e-32
0.0619588 1.16185e-31
0.0621518 2.55136e-32
0.0623448 1.11532e-32
0.0625379 9.21245e-33
0.0627309 1.87788e-32
0.0629239 1.23313e-32
0.0631169 1.79861e-31
0.0633099 1.99396e-32
0.063503 5.79282e-33
0.063696 1.8138e-32
0.063889 2.47965e-32
0.064082 2.77974e-32
0.064275 3.96164e-33
0.064468 1.14376e-31
0.0646611 1.35712e-32
0.0648541 1.33882e-31
0.0650471 9.26274e-32
0.0652401 4.70674e-32
0.0654331 2.72011e-31
0.0656262 3.24925e-31
0.0658192 3.75889e-32
0.0660122 1.98896e-31
0.0662052 1.12598e-31
0.0663982 8.07157e-32
0.0665912 6.10776e-32
0.0667843 4.78841e-31
0.0669773 1.70746e-31
0.0671703 1.2485e-31
0.0673633 4.12749e-31
0.0675563 2.11679e-31
0.0677494 3.17675e-31
0.0679424 8.61046e-32
0.0681354 2.23013e-31
0.0683284 1.23098e-31
0.0685214 4.30774e-32
0.0687144 1.73576e-33
0.0689075 1.78254e-31
0.0691005 4.23025e-31
0.0692935 4.2931e-31
0.0694865 5.07417e-31
0.0696795 4.90306e-31
0.0698726 3.06573e-31
0.0700656 2.66902e-31
0.0702586 4.69282e-31
0.0704516 1.53924e-31
0.0706446 1.99047e-31
0.0708376 2.03214e-31
0.0710307 9.76468e-33
0.0712237 3.46536e-32
0.0714167 8.03357e-32
0.0716097 4.6005e-32
0.0718027 2.39112e-31
0.0719958 9.76114e-32
0.0721888 8.41608e-32
0.0723818 9.73225e-32
0.0725748 6.95733e-31
0.0727678 2.42763e-31
0.0729608 2.28785e-31
0.0731539 3.22165e-31
0.0733469 6.11892e-31
0.0735399 1.03981e-30
0.0737329 4.26511e-31
0.0739259 1.96787e-31
0.074119 1.99717e-31
0.074312 1.02623e-31
0.074505 1.1848e-31
0.074698 1.7607e-31
0.074891 1.58068e-31
0.075084 1.48717e-31
0.0752771 2.51415e-31
0.0754701 1.0082e-30
0.0756631 4.09586e-31
0.0758561 4.05369e-31
0.0760491 5.27239e-31
0.0762422 9.86023e-31
0.0764352 1.08642e-30
0.0766282 9.60133e-31
0.0768212 2.47169e-31
0.0770142 3.18838e-31
0.0772072 1.33667e-31
0.0774003 4.52575e-31
0.0775933 1.36506e-31
0.0777863 3.36598e-31
0.0779793 1.00602e-30
0.0781723 7.08939e-31
0.0783654 1.27978e-30
0.0785584 8.01508e-31
0.0787514 5.13925e-31
0.0789444 2.28686e-31
0.0791374 4.16815e-32
0.0793304 1.65744e-31
0.0795235 1.19123e-31
0.0797165 1.25629e-31
0.0799095 3.88521e-32
0.0801025 1.22502e-31
0.0802955 2.88629e-31
0.0804885 2.29046e-31
0.0806816 5.32662e-31
0.0808746 4.7488e-31
0.0810676 2.51393e-31
0.0812606 6.22309e-31
0.0814536 2.1655e-31
0.0816467 1.3244e-31
0.0818397 1.4177e-31
0.0820327 8.74616e-32
0.0822257 1.92308e-31
0.0824187 2.35577e-31
0.0826117 2.488e-31
0.0828048 2.39109e-31
0.0829978 9.90616e-32
0.0831908 1.38088e-31
0.0833838 1.37184e-31
0.0835768 9.20329e-32
0.0837699 2.04623e-32
0.0839629 9.79169e-32
0.0841559 1.09121e-31
0.0843489 9.68367e-32
0.0845419 2.52936e-31
0.0847349 2.61006e-31
0.084928 7.63099e-32
0.085121 1.97439e-31
0.085314 6.1529e-31
0.085507 3.0711e-31
0.0857 4.19672e-31
0.0858931 9.92975e-32
0.0860861 3.22773e-31
0.0862791 2.49225e-31
0.0864721 2.23811e-31
0.0866651 2.54972e-31
0.0868581 9.8902e-31
0.0870512 1.54497e-30
0.0872442 4.00869e-31
0.0874372 8.48732e-31
0.0876302 3.34456e-31
0.0878232 1.30372e-31
0.0880163 2.48846e-31
0.0882093 1.93577e-31
0.0884023 1.87895e-31
0.0885953 1.1668e-31
0.0887883 9.3815e-31
0.0889813 4.69273e-31
0.0891744 5.35568e-31
0.0893674 6.21246e-31
0.0895604 5.36183e-31
0.0897534 5.94787e-31
0.0899464 6.90781e-31
0.0901395 1.13947e-31
0.0903325 4.49393e-31
0.0905255 1.39143e-32
0.0907185 9.8564e-32
0.0909115 1.22703e-31
0.0911045 2.17547e-31
0.0912976 1.55643e-31
0.0914906 2.68945e-31
0.0916836 2.72804e-31
0.0918766 3.11039e-31
0.0920696 1.27029e-31
0.0922627 4.20605e-31
0.0924557 3.61285e-31
0.0926487 2.70722e-32
0.0928417 1.69771e-31
0.0930347 4.9784e-32
0.0932277 1.6813e-31
0.0934208 2.56854e-31
0.0936138 1.92555e-31
0.0938068 3.41579e-31
0.0939998 2.74939e-31
0.0941928 4.93164e-32
0.0943859 6.76885e-32
0.0945789 2.43845e-33
0.0947719 1.03735e-31
0.0949649 7.73342e-36
0.0951579 2.49361e-32
0.0953509 1.77393e-32
0.095544 1.0848e-31
0.095737 8.56499e-31
0.09593 1.19484e-32
0.096123 9.20327e-32
0.096316 4.97995e-31
0.0965091 3.72114e-31
0.0967021 3.13847e-31
0.0968951 1.99776e-31
0.0970881 5.00717e-32
0.0972811 8.96511e-32
0.0974741 2.2217e-31
0.0976672 6.31557e-32
0.0978602 3.06931e-33
0.0980532 4.55542e-32
0.0982462 1.92253e-31
0.0984392 3.1853e-31
0.0986323 7.31831e-32
0.0988253 1.03916e-32
0.0990183 2.12805e-32
0.0992113 3.07632e-31
0.0994043 3.76286e-31
0.0995973 1.17246e-31
0.0997904 1.43631e-31
0.0999834 1.89853e-31
0.100176 6.94887e-32
0.100369 7.97414e-32
0.100562 3.08758e-32
0.100755 1.42277e-31
0.100948 7.45377e-32
0.101141 8.08417e-32
0.101335 3.83961e-32
0.101528 4.72551e-32
0.101721 6.81945e-32
0.101914 2.07673e-31
0.102107 1.46558e-31
0.1023 2.03744e-31
0.102493 1.67645e-31
0.102686 3.05526e-32
0.102879 2.87716e-32
0.103072 5.03769e-32
0.103265 4.86685e-32
0.103458 4.4892e-32
0.103651 1.45064e-31
0.103844 1.1242e-31
0.104037 1.04488e-32
0.10423 1.21379e-31
0.104423 1.2107e-31
0.104616 3.46901e-32
0.104809 1.18309e-31
0.105002 1.55455e-31
0.105195 5.16292e-31
0.105388 1.82649e-31
0.105581 1.09124e-31
0.105774 7.79267e-32
0.105967 1.88317e-32
0.10616 6.31733e-32
0.106353 9.77132e-32
0.106546 5.77535e-32
0.106739 3.1037e-31
0.106932 4.401e-31
0.107125 4.10449e-31
0.107318 9.56713e-31
0.107511 3.22512e-31
0.107704 3.22995e-31
0.107897 2.76556e-31
0.10809 2.0222e-31
0.108283 3.35123e-31
0.108476 7.20617e-32
0.108669 4.31573e-32
0.108862 3.56198e-32
0.109055 1.83194e-31
0.109248 1.9713e-31
0.109441 1.33591e-31
0.109634 6.3727e-32
0.109827 2.38837e-31
0.11002 1.01341e-31
0.110213 3.8771e-31
0.110406 1.62042e-31
0.110599 7.27932e-32
0.110792 1.77805e-31
0.110985 3.38514e-31
0.111178 8.99333e-33
0.111371 1.39399e-31
0.111564 1.08155e-31
0.111757 9.15919e-33
0.111951 2.24032e-31
0.112144 1.31566e-31
0.112337 3.85206e-32
0.11253 4.89001e-32
0.112723 6.0229e-32
0.112916 5.01657e-32
0.113109 1.28245e-31
0.113302 1.02696e-31
0.113495 1.14793e-31
0.113688 3.56186e-32
0.113881 2.9831e-32
0.114074 1.36335e-32
0.114267 1.02944e-32
0.11446 1.28325e-31
0.114653 9.40204e-32
0.114846 8.97414e-32
0.115039 1.8817e-31
0.115232 9.25008e-32
0.115425 1.34864e-31
0.115618 9.59242e-32
0.115811 6.50917e-33
0.116004 2.77814e-32
0.116197 1.91997e-32
0.11639 2.66808e-31
0.116583 5.44421e-32
0.116776 2.32365e-31
0.116969 3.66579e-31
0.117162 5.09562e-32
0.117355 5.90566e-32
0.117548 2.48064e-32
0.117741 6.12396e-32
0.117934 2.45042e-31
0.118127 8.07544e-32
0.11832 9.1767e-32
0.118513 7.71911e-32
0.118706 1.28771e-31
0.118899 1.3657e-32
0.119092 1.66142e-31
0.119285 2.72371e-31
0.119478 2.99397e-31
0.119671 7.08142e-31
0.119864 5.53762e-31
0.120057 6.01836e-32
0.12025 1.30047e-31
0.120443 1.56186e-31
0.120636 1.99884e-31
0.120829 9.27865e-32
0.121022 1.50656e-31
0.121215 8.22421e-32
0.121408 7.3718e-32
0.121601 9.85632e-34
0.121794 9.07931e-33
0.121987 2.34134e-31
0.12218 4.29204e-31
0.122373 3.33132e-31
0.122566 3.26225e-31
0.12276 2.04406e-31
0.122953 4.4201e-31
0.123146 2.66403e-31
0.123339 2.23409e-31
0.123532 1.42212e-31
0.123725 2.17415e-31
0.123918 2.68566e-31
0.124111 3.23991e-32
0.124304 5.46032e-34
0.124497 4.45021e-32
0.12469 6.3257e-33
0.124883 8.46575e-32
0.125076 2.62989e-32
0.125269 1.32926e-32
0.125462 7.17722e-32
0.125655 1.8413e-31
0.125848 2.26741e-31
0.126041 1.94282e-31
0.126234 1.53434e-31
0.126427 8.08076e-31
0.12662 8.31803e-31
0.126813 6.67535e-31
0.127006 6.26831e-31
0.127199 5.75307e-31
0.127392 1.11179e-30
0.127585 1.85556e-31
0.127778 1.98813e-31
0.127971 1.77488e-31
0.128164 4.45526e-32
0.128357 1.59795e-32
0.12855 4.78e-31
0.128743 5.94927e-31
0.128936 8.94306e-31
0.129129 2.42872e-31
0.129322 3.01174e-31
0.129515 1.0049e-30
0.129708 4.35278e-31
0.129901 4.05744e-31
0.130094 2.95868e-31
0.130287 2.78926e-31
0.13048 4.44144e-31
0.130673 4.23067e-31
0.130866 2.25063e-31
0.131059 1.31226e-31
0.131252 4.71484e-31
0.131445 3.88183e-31
0.131638 2.42393e-31
0.131831 3.02686e-31
0.132024 1.32048e-31
0.132217 3.07228e-31
0.13241 3.58977e-31
0.132603 1.84992e-31
0.132796 3.3935e-31
0.132989 3.42236e-31
0.133182 6.72519e-31
0.133376 3.76316e-31
0.133569 1.9976e-31
0.133762 3.57829e-31
0.133955 1.93888e-31
0.134148 4.10929e-31
0.134341 1.31163e-31
0.134534 1.43518e-31
0.134727 2.34109e-31
0.13492 5.68551e-31
0.135113 1.5485e-31
0.135306 8.87226e-32
0.135499 2.159e-33
0.135692 3.2332e-33
0.135885 3.48385e-31
0.136078 2.05815e-31
0.136271 2.69932e-32
0.136464 2.83942e-31
0.136657 1.10512e-31
0.13685 6.29685e-31
0.137043 4.48759e-31
0.137236 5.84185e-31
0.137429 3.80808e-31
0.137622 6.94157e-31
0.137815 7.17296e-31
0.138008 6.24525e-31
0.138201 2.86388e-31
0.138394 3.87923e-31
0.138587 2.19642e-32
0.13878 3.10912e-32
0.138973 2.19084e-32
0.139166 3.70216e-32
0.139359 1.4696e-31
0.139552 4.06678e-31
0.139745 4.01529e-31
0.139938 2.84887e-31
0.140131 1.17282e-31
0.140324 1.54868e-31
0.140517 1.05636e-30
0.14071 9.47659e-31
0.140903 3.53128e-31
0.141096 8.46431e-31
0.141289 2.02594e-31
0.141482 3.25647e-32
0.141675 1.87665e-33
0.141868 9.41957e-32
0.142061 3.09121e-31
0.142254 4.85074e-31
0.142447 4.34234e-31
0.14264 2.69323e-31
0.142833 5.45324e-31
0.143026 6.57956e-31
0.143219 1.92348e-31
0.143412 4.18769e-31
0.143605 2.1676e-31
0.143798 3.58836e-31
0.143992 1.77784e-31
0.144185 1.14085e-31
0.144378 1.80057e-32
0.144571 7.57615e-32
0.144764 7.71476e-32
0.144957 9.29153e-32
0.14515 1.33888e-32
0.145343 1.83277e-31
0.145536 1.41919e-31
0.145729 1.84e-31
0.145922 2.80851e-31
0.146115 1.77786e-32
0.146308 3.15451e-31
0.146501 1.2049e-31
0.146694 2.55122e-31
0.146887 2.67867e-31
0.14708 3.21117e-31
0.147273 1.06832e-31
0.147466 1.00935e-32
0.147659 1.27963e-31
0.147852 6.70536e-32
0.148045 3.80782e-31
0.148238 3.26909e-31
0.148431 3.76335e-31
0.148624 8.25996e-31
0.148817 7.74423e-31
0.14901 6.56223e-31
0.149203 4.9948e-31
0.149396 3.81521e-31
0.149589 2.57081e-31
0.149782 5.46504e-31
0.149975 2.02181e-31
0.150168 1.14484e-31
0.150361 2.09183e-32
0.150554 1.30669e-31
0.150747 1.26533e-31
0.15094 1.15259e-31
0.151133 9.56267e-32
0.151326 4.59076e-31
0.151519 1.08668e-30
0.151712 1.70926e-30
0.151905 3.22364e-31
0.152098 1.57054e-31
0.152291 1.85216e-31
0.152484 1.10847e-31
0.152677 3.20642e-31
0.15287 1.29919e-31
0.153063 9.10108e-33
0.153256 2.38412e-31
0.153449 1.41722e-31
0.153642 3.83783e-31
0.153835 9.64437e-32
0.154028 4.53625e-31
0.154221 6.56998e-31
0.154414 9.94988e-31
0.154608 2.84338e-31
0.154801 7.83324e-32
0.154994 2.43008e-31
0.155187 3.28398e-31
0.15538 3.539e-31
0.155573 9.40528e-32
0.155766 1.85058e-31
0.155959 5.9146e-31
0.156152 1.60717e-31
0.156345 2.66632e-32
0.156538 5.48395e-32
0.156731 2.79331e-32
0.156924 8.38179e-32
0.157117 1.43425e-32
0.15731 2.37404e-32
0.157503 1.26644e-31
0.157696 9.13474e-32
0.157889 2.90496e-31
0.158082 3.55079e-31
0.158275 6.12556e-31
0.158468 6.24119e-31
0.158661 4.36795e-31
0.158854 1.35511e-31
0.159047 3.77153e-32
0.15924 6.63686e-32
0.159433 2.03687e-32
0.159626 2.38986e-31
0.159819 2.28192e-31
0.160012 1.06043e-31
0.160205 1.77752e-31
0.160398 1.17951e-31
0.160591 2.72385e-31
0.160784 6.88249e-31
0.160977 5.6175e-31
0.16117 2.41495e-31
0.161363 1.42426e-31
0.161556 6.58222e-32
0.161749 8.09733e-33
0.161942 7.29388e-33
0.162135 2.08463e-32
0.162328 1.22472e-31
0.162521 2.99061e-32
0.162714 1.06323e-31
0.162907 5.89705e-32
0.1631 6.13795e-32
0.163293 1.17823e-32
0.163486 7.36864e-32
0.163679 3.19428e-31
0.163872 4.90153e-32
0.164065 8.67768e-33
0.164258 7.70294e-32
0.164451 7.21574e-33
0.164644 8.7536e-32
0.164837 5.51732e-32
0.16503 5.20661e-32
0.165223 1.17698e-31
0.165417 7.18146e-32
0.16561 1.47162e-31
0.165803 1.07159e-31
0.165996 4.65184e-32
0.166189 2.22739e-32
0.166382 3.14087e-32
0.166575 1.68398e-31
0.166768 7.99271e-32
0.166961 1.63026e-32
0.167154 2.39472e-33
0.167347 1.13276e-31
0.16754 1.98099e-31
0.167733 1.56401e-32
0.167926 7.25462e-32
0.168119 8.65458e-32
0.168312 2.67828e-31
0.168505 8.96465e-32
0.168698 5.50182e-32
0.168891 2.09712e-31
0.169084 1.6337e-31
0.169277 1.66591e-31
0.16947 2.69485e-31
0.169663 5.29862e-31
0.169856 9.86088e-32
0.170049 3.62011e-32
0.170242 5.1438e-32
0.170435 1.06122e-31
0.170628 1.89219e-31
0.170821 4.00503e-31
0.171014 4.62669e-31
0.171207 7.57319e-32
0.1714 2.65283e-31
0.171593 4.80582e-31
0.171786 2.75546e-31
0.171979 4.38069e-31
0.172172 2.17084e-31
0.172365 4.0057e-31
0.172558 3.61395e-31
0.172751 1.92539e-31
0.172944 6.07403e-32
0.173137 1.13766e-31
0.17333 5.36772e-31
0.173523 4.31963e-31
0.173716 3.51171e-32
0.173909 2.62389e-31
0.174102 3.52792e-31
0.174295 2.69438e-31
0.174488 6.17995e-31
0.174681 2.02425e-31
0.174874 1.38106e-32
0.175067 5.12339e-32
0.17526 1.99117e-32
0.175453 1.5115e-31
0.175646 1.3839e-31
0.175839 2.2759e-31
0.176033 3.00581e-31
0.176226 9.84381e-31
0.176419 1.58224e-31
0.176612 2.40704e-31
0.176805 2.79887e-31
0.176998 1.26152e-31
0.177191 3.58354e-32
0.177384 1.17107e-31
0.177577 6.75781e-32
0.17777 2.42023e-32
0.177963 6.94774e-32
0.178156 3.3957e-32
0.178349 3.40348e-32
0.178542 4.40088e-32
0.178735 4.88823e-31
0.178928 3.11346e-31
0.179121 2.84973e-32
0.179314 7.65275e-31
0.179507 3.17793e-31
0.1797 5.03616e-31
0.179893 3.37807e-31
0.180086 2.33026e-31
0.180279 1.98851e-31
0.180472 5.88463e-32
0.180665 1.11706e-31
0.180858 4.87887e-31
0.181051 3.80291e-31
0.181244 4.59151e-31
0.181437 2.05834e-31
0.18163 2.69814e-32
0.181823 2.03395e-32
0.182016 6.14348e-32
0.182209 3.46302e-31
0.182402 3.03426e-31
0.182595 1.40196e-31
0.182788 9.3896e-32
0.182981 6.57991e-33
0.183174 3.55882e-31
0.183367 2.48976e-31
0.18356 4.24015e-32
0.183753 4.08623e-31
0.183946 4.18131e-31
0.184139 4.76664e-31
0.184332 1.83494e-31
0.184525 8.37165e-32
0.184718 1.47575e-32
0.184911 1.22736e-31
0.185104 7.4715e-32
0.185297 2.23411e-31
0.18549 9.73442e-32
0.185683 2.0186e-31
0.185876 2.80881e-32
0.186069 3.94695e-32
0.186262 4.12928e-32
0.186455 1.2369e-33
0.186649 4.83168e-32
0.186842 1.95792e-31
0.187035 1.85239e-31
0.187228 3.37857e-31
0.187421 1.02418e-31
0.187614 6.17842e-32
0.187807 2.51327e-31
0.188 3.38099e-31
0.188193 5.34684e-31
0.188386 2.328e-31
0.188579 8.36248e-33
0.188772 5.17345e-31
0.188965 4.4357e-31
0.189158 4.19604e-31
0.189351 2.57834e-31
0.189544 5.96352e-32
0.189737 3.01482e-31
0.18993 6.10721e-31
0.190123 1.07767e-31
0.190316 2.21291e-31
0.190509 3.85505e-31
0.190702 1.16669e-30
0.190895 6.22312e-31
0.191088 3.60984e-31
0.191281 8.13269e-32
0.191474 1.96004e-31
0.191667 2.79224e-31
0.19186 5.13879e-31
0.192053 1.14038e-31
0.192246 1.07808e-32
0.192439 3.90683e-32
0.192632 5.40234e-33
0.192825 6.13589e-32
0.193018 2.09808e-31
0.193211 1.14476e-31
0.193404 3.9515e-31
0.193597 3.57064e-31
0.19379 1.97212e-31
0.193983 6.11077e-31
0.194176 2.33972e-31
0.194369 5.40633e-31
0.194562 6.77388e-32
0.194755 2.94245e-31
0.194948 1.93647e-31
0.195141 9.8678e-31
0.195334 1.78569e-31
0.195527 2.444e-32
0.19572 5.61353e-32
0.195913 1.93634e-31
0.196106 3.02137e-31
0.196299 1.23074e-31
0.196492 1.81621e-31
0.196685 1.54026e-31
0.196878 3.13963e-31
0.197071 2.33271e-31
0.197265 1.66811e-31
0.197458 1.5929e-31
0.197651 3.0292e-31
0.197844 2.34451e-31
0.198037 4.54401e-33
0.19823 1.5763e-31
0.198423 1.0777e-31
0.198616 2.13812e-31
0.198809 2.38977e-31
0.199002 7.13976e-32
0.199195 2.25376e-31
0.199388 7.08875e-31
0.199581 3.6496e-31
0.199774 3.83484e-31
0.199967 1.38459e-31
0.20016 2.59284e-31
0.200353 6.62578e-31
0.200546 2.12945e-31
0.200739 2.08602e-31
0.200932 1.73466e-31
0.201125 3.01054e-31
0.201318 2.44038e-31
0.201511 3.19314e-31
0.201704 6.61661e-31
0.201897 6.98515e-31
0.20209 1.01491e-30
0.202283 1.54584e-30
0.202476 8.61666e-31
0.202669 2.28394e-31
0.202862 3.45973e-31
0.203055 2.18748e-31
0.203248 1.05683e-31
0.203441 1.44599e-32
0.203634 2.28676e-32
0.203827 1.57661e-32
0.20402 1.21676e-32
0.204213 4.7434e-31
0.204406 3.61539e-31
0.204599 5.68573e-31
0.204792 4.62724e-31
0.204985 6.21828e-31
0.205178 1.01108e-30
0.205371 3.15434e-31
0.205564 4.70273e-31
0.205757 3.82686e-31
0.20595 2.04662e-31
0.206143 7.63132e-32
0.206336 8.36507e-32
0.206529 5.32185e-32
0.206722 5.12868e-32
0.206915 1.22193e-31
0.207108 1.13472e-31
0.207301 5.80676e-32
0.207494 4.27665e-32
0.207687 4.56436e-31
0.20788 4.0073e-31
0.208074 8.46343e-31
0.208267 5.39094e-31
0.20846 4.70656e-31
0.208653 1.65596e-31
0.208846 6.54405e-31
0.209039 2.77838e-31
0.209232 4.3892e-31
0.209425 2.68683e-31
0.209618 2.23606e-31
0.209811 2.57964e-31
0.210004 1.83091e-31
0.210197 1.28514e-31
0.21039 4.22815e-31
0.210583 5.3363e-31
0.210776 3.59116e-31
0.210969 5.03051e-31
0.211162 2.7935e-31
0.211355 8.57179e-31
0.211548 2.62555e-31
0.211741 1.30412e-31
0.211934 4.32676e-31
0.212127 1.01893e-31
0.21232 2.24991e-31
0.212513 5.39267e-32
0.212706 3.59001e-31
0.212899 2.99639e-31
0.213092 7.75302e-31
0.213285 2.78453e-31
0.213478 2.59216e-31
0.213671 1.89889e-31
0.213864 6.27235e-31
0.214057 5.77547e-31
0.21425 2.96997e-31
0.214443 2.57573e-31
0.214636 4.05366e-32
0.214829 2.67207e-32
0.215022 2.15829e-31
0.215215 1.02688e-31
0.215408 1.41925e-31
0.215601 3.20304e-31
0.215794 4.29377e-31
0.215987 2.34613e-32
0.21618 1.38919e-31
0.216373 1.33127e-31
0.216566 1.4139e-32
0.216759 3.74101e-32
0.216952 2.03545e-31
0.217145 3.08519e-32
0.217338 1.2749e-32
0.217531 4.61074e-32
0.217724 2.30618e-32
0.217917 6.76273e-32
0.21811 1.2722e-31
0.218303 7.08268e-32
0.218496 1.60923e-31
0.21869 1.0875e-31
0.218883 1.60277e-31
0.219076 3.32181e-32
0.219269 8.19661e-33
0.219462 3.54703e-32
0.219655 1.16727e-31
0.219848 3.58387e-32
0.220041 3.22399e-31
0.220234 6.30273e-32
0.220427 7.84299e-33
0.22062 3.5956e-33
0.220813 2.56781e-32
0.221006 6.91073e-32
0.221199 1.03505e-31
0.221392 4.95759e-32
0.221585 3.57813e-32
0.221778 1.50877e-31
0.221971 2.52318e-32
0.222164 8.36684e-32
0.222357 1.00489e-31
0.22255 2.74414e-31
0.222743 1.85592e-31
0.222936 1.02603e-31
0.223129 6.75582e-32
0.223322 8.77243e-33
0.223515 1.49198e-31
0.223708 1.87575e-32
0.223901 8.87602e-32
0.224094 8.6994e-32
0.224287 1.51717e-31
0.22448 4.6727e-32
0.224673 7.51176e-32
0.224866 1.26052e-32
0.225059 2.28634e-32
0.225252 1.59132e-31
0.225445 1.61509e-32
0.225638 3.32281e-33
0.225831 9.11828e-32
0.226024 2.85184e-32
0.226217 2.30546e-31
0.22641 4.17845e-32
0.226603 1.89806e-31
0.226796 1.7299e-31
0.226989 2.29557e-32
0.227182 6.27364e-32
0.227375 3.18534e-32
0.227568 1.69754e-31
0.227761 8.72315e-32
0.227954 1.3307e-31
0.228147 1.13267e-31
0.22834 2.29175e-31
0.228533 5.28943e-31
0.228726 7.79254e-32
0.228919 1.00247e-31
0.229112 3.73562e-32
0.229306 1.50601e-31
0.229499 5.87885e-32
0.229692 1.53505e-31
0.229885 3.78316e-31
0.230078 1.50842e-31
0.230271 3.22401e-31
0.230464 3.96539e-32
0.230657 2.09313e-31
0.23085 1.69762e-32
0.231043 5.81621e-32
0.231236 1.14588e-31
0.231429 5.78592e-32
0.231622 2.68227e-31
0.231815 5.65728e-31
0.232008 3.13763e-31
0.232201 4.41399e-31
0.232394 2.8865e-31
0.232587 5.17896e-31
0.23278 2.18426e-31
0.232973 8.346e-32
0.233166 2.20137e-31
0.233359 5.7915e-32
0.233552 8.43781e-32
0.233745 1.2009e-32
0.233938 5.60021e-31
0.234131 3.44247e-31
0.234324 1.02574e-32
0.234517 2.61205e-31
0.23471 2.96393e-31
0.234903 3.26334e-31
0.235096 2.55102e-31
0.235289 3.4976e-31
0.235482 7.91853e-32
0.235675 3.12139e-32
0.235868 2.37555e-31
0.236061 2.99122e-31
0.236254 2.10509e-31
0.236447 3.35966e-32
0.23664 1.1527e-31
0.236833 5.49292e-32
0.237026 4.57481e-31
0.237219 6.54295e-32
0.237412 1.25844e-31
0.237605 1.61183e-31
0.237798 1.37905e-31
0.237991 1.01151e-31
0.238184 3.92394e-32
0.238377 4.04965e-32
0.23857 6.60564e-32
0.238763 3.88384e-31
0.238956 9.14038e-32
0.239149 4.29034e-31
0.239342 3.29858e-31
0.239535 8.30025e-32
0.239728 2.68322e-31
0.239922 1.33267e-32
0.240115 1.4381e-31
0.240308 3.83989e-31
0.240501 2.78027e-31
0.240694 1.01368e-31
0.240887 3.24923e-31
0.24108 3.33773e-31
0.241273 7.50056e-31
0.241466 1.51209e-31
0.241659 1.24228e-31
0.241852 6.30584e-32
0.242045 2.25776e-31
0.242238 3.00189e-31
0.242431 2.43163e-31
0.242624 1.90485e-31
0.242817 2.6884e-31
0.24301 2.80344e-31
0.243203 6.68663e-31
0.243396 2.10005e-31
0.243589 9.52747e-31
0.243782 8.29705e-31
0.243975 5.71758e-31
0.244168 2.01429e-31
0.244361 1.79399e-31
0.244554 3.06658e-32
0.244747 3.00958e-31
0.24494 1.37886e-31
0.245133 1.93478e-31
0.245326 3.28759e-32
0.245519 1.83403e-32
0.245712 1.35156e-31
0.245905 1.3816e-31
0.246098 5.10407e-32
0.246291 1.97409e-31
0.246484 1.84908e-31
0.246677 4.12206e-31
0.24687 2.85716e-31
0.247063 7.77572e-32
0.247256 3.09156e-31
0.247449 1.31319e-31
0.247642 5.8321e-32
0.247835 2.67967e-31
0.248028 1.46765e-31
0.248221 3.67501e-31
0.248414 3.03659e-31
0.248607 3.29607e-31
0.2488 1.34301e-31
0.248993 1.55616e-31
0.249186 3.59505e-31
0.249379 3.73406e-31
0.249572 2.12499e-31
0.249765 2.77382e-31
0.249958 2.2033e-31
0.250151 3.22358e-31
0.250344 1.36092e-32
0.250537 9.92246e-32
0.250731 7.2093e-31
0.250924 2.76816e-31
0.251117 1.94874e-31
0.25131 2.72376e-31
0.251503 5.56882e-32
0.251696 3.29607e-31
0.251889 1.17618e-32
0.252082 2.18674e-31
0.252275 1.42806e-31
0.252468 2.35276e-31
0.252661 3.7645e-31
0.252854 3.41944e-31
0.253047 4.83242e-31
0.25324 7.56083e-31
0.253433 7.20687e-31
0.253626 9.05284e-31
0.253819 1.48749e-31
0.254012 2.11007e-31
0.254205 1.95008e-31
0.254398 2.08826e-31
0.254591 3.53888e-31
0.254784 7.91015e-31
0.254977 2.12025e-31
0.25517 5.40168e-31
0.255363 3.32652e-31
0.255556 4.97439e-31
0.255749 2.18851e-31
0.255942 3.10847e-31
0.256135 5.68707e-31
0.256328 4.88375e-31
0.256521 3.62705e-31
0.256714 5.74692e-32
0.256907 5.05623e-32
0.2571 9.41365e-32
0.257293 6.13784e-32
0.257486 3.15944e-32
0.257679 1.16002e-31
0.257872 1.07875e-31
0.258065 2.83276e-31
0.258258 3.13785e-31
0.258451 8.33795e-31
0.258644 4.37595e-31
0.258837 2.88318e-31
0.25903 3.06892e-31
0.259223 1.86652e-31
0.259416 1.83079e-31
0.259609 8.90881e-32
0.259802 8.54831e-32
0.259995 1.05299e-31
0.260188 3.91346e-32
0.260381 8.20057e-32
0.260574 1.2509e-31
0.260767 2.90807e-31
0.26096 5.73635e-32
0.261153 5.07529e-31
0.261347 1.22824e-31
0.26154 2.46031e-31
0.261733 6.99625e-31
0.261926 5.00406e-31
0.262119 1.38799e-30
0.262312 8.06198e-31
0.262505 3.3288e-31
0.262698 3.5328e-32
0.262891 1.30286e-32
0.263084 2.07787e-31
0.263277 3.03223e-31
0.26347 4.40864e-31
0.263663 5.42624e-31
0.263856 1.42867e-31
0.264049 1.41175e-31
0.264242 1.6712e-31
0.264435 1.72042e-31
0.264628 2.79179e-31
0.264821 3.50876e-31
0.265014 3.32536e-31
0.265207 1.68679e-31
0.2654 1.95565e-31
0.265593 1.04593e-32
0.265786 1.7125e-32
0.265979 4.41529e-32
0.266172 6.5606e-31
0.266365 7.52402e-31
0.266558 9.21167e-31
0.266751 2.31115e-31
0.266944 3.78207e-31
0.267137 1.43194e-31
0.26733 1.27375e-31
0.267523 4.49872e-32
0.267716 8.32259e-32
0.267909 1.01949e-31
0.268102 2.55022e-31
0.268295 3.13916e-33
0.268488 6.45259e-32
0.268681 7.16146e-33
0.268874 1.58404e-31
0.269067 3.77798e-31
0.26926 3.67296e-31
0.269453 3.29339e-31
0.269646 3.31833e-31
0.269839 2.71452e-31
0.270032 3.12312e-31
0.270225 3.32366e-32
0.270418 7.58542e-32
0.270611 1.40592e-31
0.270804 2.31964e-31
0.270997 2.12794e-31
0.27119 1.90741e-31
0.271383 2.80833e-32
0.271576 1.48982e-31
0.271769 7.48894e-32
0.271963 3.93501e-32
0.272156 1.60553e-31
0.272349 9.85636e-32
0.272542 7.14159e-31
0.272735 1.31423e-31
0.272928 2.36222e-31
0.273121 3.2783e-31
0.273314 4.18728e-31
0.273507 1.94539e-31
0.2737 1.69506e-31
0.273893 1.47029e-31
0.274086 1.7638e-33
0.274279 1.54287e-31
0.274472 6.00371e-32
0.274665 1.29223e-31
0.274858 8.60635e-32
0.275051 3.67412e-32
0.275244 1.15427e-31
0.275437 2.25141e-31
0.27563 1.97043e-31
0.275823 3.18307e-32
0.276016 1.01763e-31
0.276209 7.39025e-32
0.276402 6.02458e-32
0.276595 7.09545e-33
0.276788 1.34593e-32
0.276981 1.75097e-31
0.277174 2.28581e-31
0.277367 3.11611e-31
0.27756 3.57325e-31
0.277753 1.06978e-32
0.277946 3.41146e-33
0.278139 2.96058e-32
0.278332 1.13029e-32
0.278525 1.3371e-31
0.278718 1.1333e-31
0.278911 1.62144e-31
0.279104 4.53324e-32
0.279297 1.72635e-31
0.27949 1.22559e-31
0.279683 1.77281e-31
0.279876 3.33715e-32
0.280069 6.5897e-32
0.280262 1.69642e-31
0.280455 2.243e-32
0.280648 1.06928e-32
0.280841 1.44296e-31
0.281034 1.66846e-32
0.281227 5.28897e-33
0.28142 2.13255e-32
0.281613 3.53346e-31
0.281806 3.08901e-32
0.281999 1.88981e-32
0.282192 1.2655e-31
0.282385 3.57267e-32
0.282579 3.24581e-33
0.282772 1.11172e-33
0.282965 2.52411e-31
0.283158 5.34188e-32
0.283351 2.84042e-31
0.283544 1.4452e-31
0.283737 6.40811e-33
0.28393 2.00289e-32
0.284123 3.60933e-32
0.284316 6.53462e-32
0.284509 2.83518e-33
0.284702 2.52354e-31
0.284895 7.5317e-32
0.285088 1.24175e-31
0.285281 6.95127e-32
0.285474 9.46433e-32
0.285667 4.25555e-31
0.28586 4.12316e-31
0.286053 7.35851e-31
0.286246 1.20318e-32
0.286439 2.57187e-32
0.286632 1.54628e-31
0.286825 1.08968e-31
0.287018 2.8565e-31
0.287211 1.70898e-31
0.287404 1.4445e-31
0.287597 1.42715e-31
0.28779 1.15127e-31
0.287983 1.72363e-31
0.288176 3.32926e-32
0.288369 3.3426e-32
0.288562 6.85981e-32
0.288755 9.2535e-32
0.288948 1.26199e-31
0.289141 1.22417e-31
0.289334 6.31407e-32
0.289527 2.04709e-31
0.28972 1.85702e-31
0.289913 2.26977e-31
0.290106 1.01368e-31
0.290299 5.04655e-32
0.290492 6.34307e-33
0.290685 3.161e-32
0.290878 1.50168e-31
0.291071 6.65762e-32
0.291264 1.67086e-31
0.291457 3.12579e-32
0.29165 2.7628e-32
0.291843 8.16102e-32
0.292036 5.47939e-31
0.292229 1.81354e-31
0.292422 2.78986e-31
0.292615 5.52817e-31
0.292808 7.05792e-32
0.293001 2.31462e-31
0.293195 2.84545e-32
0.293388 1.33227e-32
0.293581 2.07977e-32
0.293774 1.23968e-32
0.293967 3.44328e-31
0.29416 1.71779e-31
0.294353 2.28356e-31
0.294546 1.92669e-31
0.294739 1.85735e-31
0.294932 6.73005e-32
0.295125 4.96394e-32
0.295318 1.46722e-31
0.295511 3.66141e-31
0.295704 4.63432e-31
0.295897 1.78769e-31
0.29609 5.36376e-31
0.296283 2.40295e-31
0.296476 3.73065e-31
0.296669 3.69946e-31
0.296862 3.14958e-31
0.297055 3.17382e-31
0.297248 4.63117e-31
0.297441 9.73819e-32
0.297634 9.69101e-32
0.297827 2.16082e-31
0.29802 5.09211e-32
0.298213 1.07656e-32
0.298406 8.83735e-33
0.298599 1.95901e-32
0.298792 1.36835e-31
0.298985 2.98447e-31
0.299178 1.83356e-31
0.299371 8.91388e-33
0.299564 7.23934e-32
0.299757 1.1819e-31
0.29995 1.03614e-31
0.300143 4.46467e-31
0.300336 1.61974e-31
0.300529 4.59203e-31
0.300722 4.89559e-31
0.300915 2.05031e-31
0.301108 4.24011e-32
0.301301 1.56429e-32
0.301494 2.54956e-31
0.301687 2.45764e-31
0.30188 1.22613e-31
0.302073 1.20926e-31
0.302266 1.99088e-31
0.302459 2.0125e-31
0.302652 4.93061e-31
0.302845 6.16893e-32
0.303038 3.49627e-31
0.303231 5.6317e-31
0.303424 2.21888e-31
0.303617 3.77108e-31
0.30381 3.79288e-31
0.304004 1.13971e-31
0.304197 4.14554e-31
0.30439 3.18955e-33
0.304583 8.51475e-32
0.304776 1.05052e-31
0.304969 6.23849e-31
0.305162 3.36464e-31
0.305355 8.78329e-31
0.305548 7.31019e-31
0.305741 1.16257e-31
0.305934 1.68278e-31
0.306127 3.2667e-31
0.30632 1.76554e-31
0.306513 1.11752e-30
0.306706 5.56531e-31
0.306899 5.95803e-32
0.307092 4.83879e-31
0.307285 2.65639e-31
0.307478 2.36669e-31
0.307671 4.87783e-31
0.307864 1.68251e-31
0.308057 7.59256e-32
0.30825 2.16699e-31
0.308443 1.96857e-31
0.308636 1.93559e-32
0.308829 1.42961e-31
0.309022 5.95473e-32
0.309215 2.63749e-31
0.309408 1.20932e-31
0.309601 5.64816e-31
0.309794 1.46572e-32
0.309987 1.03369e-31
0.31018 7.33778e-32
0.310373 1.13022e-31
0.310566 3.47916e-31
0.310759 1.96311e-31
0.310952 3.94005e-31
0.311145 1.20806e-30
0.311338 1.31234e-31
0.311531 8.28325e-32
0.311724 2.25529e-31
0.311917 2.08247e-31
0.31211 2.27813e-31
0.312303 5.24986e-31
0.312496 6.19821e-31
0.312689 2.81462e-31
0.312882 1.38744e-31
0.313075 1.04213e-31
0.313268 1.15206e-31
0.313461 6.33975e-32
0.313654 7.83476e-32
0.313847 1.09293e-31
0.31404 7.76857e-32
0.314233 1.44492e-31
0.314426 1.29945e-31
0.31462 2.57898e-31
0.314813 1.82379e-31
0.315006 2.54964e-31
0.315199 1.71241e-31
0.315392 2.83433e-31
0.315585 4.68245e-31
0.315778 4.48238e-31
0.315971 7.64505e-31
0.316164 1.17804e-31
0.316357 1.53055e-31
0.31655 2.35916e-31
0.316743 1.65339e-31
0.316936 5.06809e-31
0.317129 7.3181e-31
0.317322 2.30402e-31
0.317515 1.14227e-30
0.317708 5.44045e-31
0.317901 3.32737e-31
0.318094 1.03683e-31
0.318287 1.065e-31
0.31848 2.15451e-31
0.318673 7.16699e-32
0.318866 2.7821e-32
0.319059 4.15343e-32
0.319252 6.43236e-32
0.319445 1.29202e-31
0.319638 4.34959e-34
0.319831 2.99641e-31
0.320024 2.00393e-31
0.320217 1.16538e-31
0.32041 1.01139e-31
0.320603 2.22798e-31
0.320796 1.53092e-31
0.320989 7.16e-31
0.321182 1.48071e-31
0.321375 1.64294e-31
0.321568 3.78341e-31
0.321761 1.88632e-33
0.321954 2.55645e-31
0.322147 1.72603e-31
0.32234 2.58026e-31
0.322533 7.95314e-32
0.322726 7.23023e-32
0.322919 5.28554e-31
0.323112 1.52449e-31
0.323305 4.05111e-31
0.323498 3.45295e-31
0.323691 3.70153e-31
0.323884 1.11717e-31
0.324077 1.37281e-31
0.32427 2.22275e-31
0.324463 9.0004e-32
0.324656 9.19148e-32
0.324849 1.37239e-31
0.325042 2.23132e-31
0.325236 5.56134e-33
0.325429 1.18287e-32
0.325622 1.28979e-31
0.325815 1.13255e-31
0.326008 1.11309e-31
0.326201 1.60569e-31
0.326394 3.75066e-31
0.326587 2.68888e-31
0.32678 1.24115e-31
0.326973 6.44365e-33
0.327166 3.69923e-32
0.327359 1.46515e-31
0.327552 6.81612e-32
0.327745 3.98216e-32
0.327938 2.94307e-31
0.328131 3.15805e-31
0.328324 4.84496e-31
0.328517 5.69492e-31
0.32871 1.57055e-31
0.328903 1.05708e-31
0.329096 3.28552e-31
0.329289 2.8211e-31
0.329482 4.53464e-31
0.329675 2.57534e-32
0.329868 1.61442e-31
0.330061 5.88914e-32
0.330254 9.4627e-32
0.330447 2.70467e-31
0.33064 1.82233e-31
0.330833 1.39411e-31
0.331026 2.26226e-31
0.331219 1.36908e-32
0.331412 5.39296e-32
0.331605 6.04065e-32
0.331798 3.84492e-32
0.331991 1.43139e-31
0.332184 3.0252e-31
0.332377 1.96183e-31
0.33257 7.81689e-32
0.332763 1.80776e-32
0.332956 6.8336e-32
0.333149 6.40628e-32
0.333342 7.14419e-32
0.333535 4.63516e-32
0.333728 3.98684e-32
0.333921 2.04954e-31
0.334114 2.91851e-31
0.334307 2.08574e-31
0.3345 7.87099e-32
0.334693 1.57149e-31
0.334886 1.38468e-31
0.335079 2.47672e-31
0.335272 1.07604e-31
0.335465 1.12594e-31
0.335658 8.90459e-32
0.335852 1.43448e-31
0.336045 2.79161e-32
0.336238 4.80871e-31
0.336431 1.64209e-32
0.336624 2.70601e-32
0.336817 3.10241e-31
0.33701 1.59604e-31
0.337203 1.61588e-31
0.337396 1.1775e-32
0.337589 1.87726e-32
0.337782 2.29001e-31
0.337975 2.8077e-32
0.338168 2.43656e-31
0.338361 9.75383e-32
0.338554 2.21607e-31
0.338747 2.53369e-31
0.33894 1.36052e-31
0.339133 2.13627e-31
0.339326 7.36525e-33
0.339519 1.78456e-32
0.339712 6.21869e-32
0.339905 6.82836e-32
0.340098 4.87357e-33
0.340291 1.65358e-32
0.340484 5.91226e-33
0.340677 2.10094e-32
0.34087 1.07706e-31
0.341063 1.94841e-31
0.341256 2.82681e-31
0.341449 6.15553e-32
0.341642 4.81948e-32
0.341835 6.27333e-32
0.342028 4.18166e-32
0.342221 8.35796e-32
0.342414 3.97407e-31
0.342607 1.48954e-31
0.3428 2.41423e-31
0.342993 1.00956e-31
0.343186 6.67474e-31
0.343379 1.22787e-31
0.343572 1.54689e-32
0.343765 4.69777e-32
0.343958 9.8099e-32
0.344151 7.72002e-32
0.344344 2.36612e-32
0.344537 1.71032e-31
0.34473 6.764e-32
0.344923 1.86638e-31
0.345116 5.34414e-31
0.345309 1.20362e-31
0.345502 1.46557e-31
0.345695 6.0945e-32
0.345888 1.72146e-31
0.346081 6.90341e-32
0.346274 8.80942e-32
0.346467 6.54351e-32
0.346661 2.99014e-32
0.346854 1.31087e-31
0.347047 9.53775e-32
0.34724 6.53644e-32
0.347433 4.40628e-32
0.347626 1.56563e-31
0.347819 2.44758e-31
0.348012 2.15085e-31
0.348205 3.33711e-31
0.348398 3.49167e-32
0.348591 1.29556e-31
0.348784 1.88051e-31
0.348977 7.5537e-32
0.34917 3.36218e-32
0.349363 6.34654e-32
0.349556 5.14568e-32
0.349749 1.26108e-31
0.349942 3.07189e-32
0.350135 1.02001e-32
0.350328 1.23057e-31
0.350521 1.11354e-31
0.350714 2.1531e-31
0.350907 6.45873e-31
0.3511 9.30074e-32
0.351293 7.78711e-31
0.351486 1.34409e-31
0.351679 1.13124e-31
0.351872 1.77133e-31
0.352065 3.45041e-31
0.352258 3.81336e-32
0.352451 1.15015e-31
0.352644 8.22019e-32
0.352837 9.56164e-33
0.35303 2.72953e-31
0.353223 5.46033e-31
0.353416 2.54319e-31
0.353609 3.35978e-32
0.353802 1.62618e-31
0.353995 1.46243e-31
0.354188 1.40779e-31
0.354381 1.42179e-31
0.354574 2.8115e-31
0.354767 2.36141e-31
0.35496 3.7751e-32
0.355153 1.37858e-31
0.355346 3.35187e-31
0.355539 1.12178e-31
0.355732 1.35917e-31
0.355925 5.1947e-31
0.356118 5.89193e-31
0.356311 9.86779e-32
0.356504 6.65094e-31
0.356697 7.61838e-31
0.35689 3.58415e-31
0.357083 5.1154e-31
0.357277 4.85123e-31
0.35747 3.91135e-31
0.357663 2.7313e-31
0.357856 5.47222e-32
0.358049 4.08363e-32
0.358242 1.67522e-31
0.358435 1.00033e-31
0.358628 1.7941e-31
0.358821 9.79217e-32
0.359014 2.19375e-31
0.359207 1.97159e-31
0.3594 3.51666e-31
0.359593 1.78615e-31
0.359786 1.62869e-31
0.359979 2.13965e-31
0.360172 6.96285e-31
0.360365 6.86163e-31
0.360558 1.39764e-31
0.360751 1.06596e-31
0.360944 2.38342e-33
0.361137 2.06145e-31
0.36133 4.88378e-31
0.361523 2.01971e-31
0.361716 4.0684e-31
0.361909 8.74358e-31
0.362102 3.4763e-31
0.362295 1.00969e-31
0.362488 5.85437e-32
0.362681 1.52485e-31
0.362874 3.39875e-31
0.363067 6.5242e-31
0.36326 1.39498e-31
0.363453 2.7748e-31
0.363646 6.26775e-32
0.363839 3.7419e-31
0.364032 2.61621e-31
0.364225 5.76792e-31
0.364418 3.56532e-31
0.364611 4.30033e-31
0.364804 4.80867e-31
0.364997 5.85672e-31
0.36519 1.04573e-30
0.365383 2.50233e-31
0.365576 1.3614e-31
0.365769 2.78538e-31
0.365962 1.02436e-31
0.366155 4.89153e-32
0.366348 8.64159e-32
0.366541 1.84712e-32
0.366734 1.37062e-31
0.366927 6.98393e-32
0.36712 8.87644e-32
0.367313 2.8527e-31
0.367506 2.53136e-31
0.367699 1.02742e-30
0.367893 6.37428e-31
0.368086 6.05468e-31
0.368279 6.62039e-31
0.368472 2.02139e-31
0.368665 3.22307e-31
0.368858 3.60904e-31
0.369051 1.13622e-31
0.369244 2.0001e-32
0.369437 2.54822e-31
0.36963 1.02867e-31
0.369823 7.56447e-32
0.370016 2.99235e-31
0.370209 1.03306e-31
0.370402 1.86654e-31
0.370595 5.23225e-31
0.370788 1.70744e-31
0.370981 2.24672e-31
0.371174 1.24283e-31
0.371367 2.91424e-31
0.37156 2.89921e-31
0.371753 9.38563e-32
0.371946 1.95546e-31
0.372139 1.39489e-33
0.372332 3.75649e-32
0.372525 1.60626e-31
0.372718 4.66989e-34
0.372911 1.30627e-31
0.373104 6.40579e-32
0.373297 3.67642e-33
0.37349 1.73716e-31
0.373683 5.49319e-32
0.373876 1.5857e-31
0.374069 1.06463e-31
0.374262 1.84319e-31
0.374455 4.51061e-31
0.374648 3.50582e-31
0.374841 2.85858e-31
0.375034 4.59989e-31
0.375227 2.94161e-31
0.37542 1.06935e-31
0.375613 1.89338e-31
0.375806 2.40908e-31
0.375999 2.55683e-32
0.376192 2.78214e-31
0.376385 6.08208e-32
0.376578 3.90269e-32
0.376771 7.01115e-32
0.376964 7.31383e-31
0.377157 2.07199e-31
0.37735 6.48439e-32
0.377543 1.82022e-31
0.377736 1.57116e-31
0.377929 1.18936e-31
0.378122 8.09202e-32
0.378315 3.71919e-31
0.378509 6.40621e-32
0.378702 1.35237e-31
0.378895 4.83103e-31
0.379088 1.10879e-32
0.379281 1.08657e-31
0.379474 1.63043e-33
0.379667 3.28856e-31
0.37986 3.77582e-32
0.380053 4.02479e-32
0.380246 1.26074e-31
0.380439 7.55485e-32
0.380632 2.40904e-31
0.380825 2.30428e-31
0.381018 1.60702e-31
0.381211 3.12536e-31
0.381404 2.57022e-31
0.381597 1.91532e-31
0.38179 1.6958e-31
0.381983 1.30542e-31
0.382176 1.49154e-31
0.382369 3.92653e-31
0.382562 7.84922e-32
0.382755 1.0918e-31
0.382948 6.22986e-32
0.383141 1.85272e-31
0.383334 5.42326e-32
0.383527 2.94774e-32
0.38372 2.03469e-31
0.383913 2.99296e-32
0.384106 5.14683e-32
0.384299 2.5444e-32
0.384492 2.20321e-31
0.384685 7.21341e-32
0.384878 2.98108e-31
0.385071 2.773e-31
0.385264 2.27339e-31
0.385457 5.07257e-32
0.38565 3.64863e-32
0.385843 1.64171e-31
0.386036 9.4282e-32
0.386229 6.75656e-32
0.386422 5.69367e-32
0.386615 1.83701e-31
0.386808 2.802e-31
0.387001 9.02447e-32
0.387194 4.2764e-31
0.387387 2.50302e-32
0.38758 1.30263e-31
0.387773 4.33039e-32
0.387966 1.13466e-31
0.388159 2.11346e-31
0.388352 6.28703e-31
0.388545 9.62158e-31
0.388738 5.86e-31
0.388931 6.10985e-31
0.389124 1.45069e-31
0.389318 9.33251e-33
0.389511 2.22513e-32
0.389704 8.37143e-32
0.389897 2.58278e-31
0.39009 1.14969e-31
0.390283 5.48339e-31
0.390476 8.59127e-32
0.390669 3.54353e-31
0.390862 1.32492e-31
0.391055 1.89566e-31
0.391248 1.04439e-31
0.391441 2.11339e-31
0.391634 1.84411e-31
0.391827 1.08987e-32
0.39202 1.17707e-31
0.392213 4.75328e-32
0.392406 1.2884e-31
0.392599 2.12269e-31
0.392792 9.23682e-32
0.392985 8.77283e-32
0.393178 1.44788e-31
0.393371 5.02538e-31
0.393564 1.34085e-31
0.393757 3.31546e-31
0.39395 1.03581e-31
0.394143 4.04377e-33
0.394336 3.17152e-32
0.394529 1.04615e-32
0.394722 5.39511e-32
0.394915 8.53019e-33
0.395108 1.27108e-31
0.395301 4.49851e-32
0.395494 1.60184e-31
0.395687 1.05731e-31
0.39588 8.52165e-32
0.396073 7.03608e-33
0.396266 1.67674e-32
0.396459 1.37594e-31
0.396652 7.15128e-32
0.396845 2.92621e-31
0.397038 1.22406e-32
0.397231 9.36219e-32
0.397424 3.31748e-31
0.397617 2.84264e-31
0.39781 1.21228e-31
0.398003 1.66021e-31
0.398196 1.92268e-31
0.398389 3.44333e-31
0.398582 2.44709e-31
0.398775 1.73979e-31
0.398968 5.67038e-32
0.399161 1.06409e-31
0.399354 1.11639e-31
0.399547 1.21041e-31
0.39974 7.24681e-32
0.399934 1.46976e-31
0.400127 1.11494e-31
0.40032 2.20021e-31
0.400513 3.67202e-31
0.400706 2.234e-31
0.400899 1.04144e-31
0.401092 1.27197e-31
0.401285 1.38115e-31
0.401478 3.29308e-31
0.401671 1.66969e-31
0.401864 4.15625e-31
0.402057 3.25368e-31
0.40225 2.64141e-31
0.402443 1.74695e-32
0.402636 1.90101e-31
0.402829 1.96389e-31
0.403022 6.44806e-32
0.403215 8.4011e-32
0.403408 9.77367e-32
0.403601 1.58868e-32
0.403794 8.16252e-35
0.403987 2.95578e-31
0.40418 1.1475e-31
0.404373 3.36468e-31
0.404566 6.82016e-31
0.404759 9.95266e-32
0.404952 1.68658e-31
0.405145 1.57397e-31
0.405338 2.59808e-31
0.405531 4.16754e-31
0.405724 5.58923e-32
0.405917 1.92417e-31
0.40611 2.88623e-31
0.406303 2.17171e-31
0.406496 1.73582e-31
0.406689 3.70483e-31
0.406882 4.28096e-31
0.407075 3.42607e-31
0.407268 1.70777e-31
0.407461 1.46458e-31
0.407654 2.73894e-32
0.407847 4.09506e-32
0.40804 1.97552e-31
0.408233 8.17158e-32
0.408426 1.73133e-31
0.408619 6.50227e-32
0.408812 8.68963e-32
0.409005 2.98475e-31
0.409198 1.77081e-31
0.409391 8.45029e-32
0.409584 4.2487e-31
0.409777 4.29482e-31
0.40997 1.1144e-31
0.410163 3.38652e-31
0.410356 2.76207e-32
0.41055 4.63406e-32
0.410743 1.56059e-31
0.410936 1.06576e-31
0.411129 6.92066e-32
0.411322 2.04991e-31
0.411515 1.73969e-31
0.411708 1.95073e-31
0.411901 1.32627e-31
0.412094 5.08273e-31
0.412287 7.16681e-31
0.41248 7.89763e-31
0.412673 4.18927e-31
0.412866 2.82022e-31
0.413059 2.32996e-31
0.413252 1.36548e-31
0.413445 7.94997e-32
0.413638 1.70598e-31
0.413831 1.5368e-31
0.414024 8.96278e-32
0.414217 1.69391e-31
0.41441 6.5053e-31
0.414603 4.49638e-32
0.414796 1.28487e-31
0.414989 2.47421e-31
0.415182 1.67942e-31
0.415375 4.66926e-31
0.415568 7.6566e-31
0.415761 4.04879e-31
0.415954 8.92411e-31
0.416147 7.72513e-31
0.41634 6.36444e-31
0.416533 1.76922e-31
0.416726 1.56526e-31
0.416919 1.05302e-31
0.417112 3.07856e-31
0.417305 3.02279e-31
0.417498 1.55742e-31
0.417691 4.00704e-31
0.417884 6.6903e-31
0.418077 8.45189e-31
0.41827 1.07628e-30
0.418463 8.96008e-31
0.418656 1.39711e-30
0.418849 8.82816e-31
0.419042 1.85968e-30
0.419235 6.67838e-31
0.419428 6.7393e-31
0.419621 9.55721e-32
0.419814 7.43699e-32
0.420007 5.54597e-32
0.4202 2.61699e-31
0.420393 4.86143e-31
0.420586 3.9797e-31
0.420779 1.97026e-31
0.420972 1.98382e-31
0.421166 3.09377e-31
0.421359 2.4794e-31
0.421552 2.6711e-31
0.421745 3.10858e-31
0.421938 1.14603e-32
0.422131 2.07583e-31
0.422324 4.98124e-32
0.422517 3.44975e-32
0.42271 2.95817e-32
0.422903 1.1488e-31
0.423096 1.91675e-31
0.423289 2.60242e-31
0.423482 7.88996e-32
0.423675 3.14721e-31
0.423868 5.09433e-31
0.424061 5.76409e-31
0.424254 6.0124e-31
0.424447 7.05476e-31
0.42464 3.89882e-31
0.424833 4.27539e-31
0.425026 1.9765e-31
0.425219 8.55385e-32
0.425412 2.17283e-31
0.425605 8.52159e-32
0.425798 1.29188e-31
0.425991 2.01619e-31
0.426184 1.01015e-31
0.426377 9.72601e-32
0.42657 8.93876e-32
0.426763 3.09581e-31
0.426956 3.47703e-31
0.427149 8.84462e-32
0.427342 2.46558e-31
0.427535 2.60836e-31
0.427728 2.44962e-31
0.427921 1.15733e-31
0.428114 1.35003e-31
0.428307 2.09806e-31
0.4285 1.39476e-31
0.428693 6.17152e-31
0.428886 4.7419e-31
0.429079 5.95458e-31
0.429272 6.72843e-31
0.429465 8.86751e-31
0.429658 1.27428e-31
0.429851 3.39496e-31
0.430044 2.9362e-31
0.430237 5.47818e-31
0.43043 4.86148e-31
0.430623 1.21091e-31
0.430816 3.90564e-32
0.431009 4.98275e-32
0.431202 7.57913e-33
0.431395 9.54157e-33
0.431588 2.80696e-32
0.431781 1.90026e-32
0.431975 7.19439e-32
0.432168 3.85494e-31
0.432361 1.00867e-31
0.432554 4.27245e-33
0.432747 9.63929e-32
0.43294 8.63078e-32
0.433133 2.59264e-31
0.433326 3.80958e-31
0.433519 1.30099e-32
0.433712 2.10581e-31
0.433905 1.99764e-31
0.434098 2.72504e-32
0.434291 7.40886e-32
0.434484 2.46772e-32
0.434677 5.71202e-32
0.43487 2.96125e-31
0.435063 8.43986e-32
0.435256 2.87467e-31
0.435449 4.74273e-31
0.435642 1.35145e-31
0.435835 1.11942e-31
0.436028 6.36026e-32
0.436221 4.21787e-32
0.436414 5.96382e-32
0.436607 6.42194e-32
0.4368 1.29382e-31
0.436993 1.33639e-31
0.437186 1.51077e-31
0.437379 2.51254e-31
0.437572 1.41062e-31
0.437765 4.75327e-32
0.437958 1.7276e-31
0.438151 2.14988e-31
0.438344 3.38831e-32
0.438537 2.07315e-31
0.43873 3.40537e-31
0.438923 3.23937e-31
0.439116 3.12655e-31
0.439309 2.43233e-31
0.439502 5.34553e-32
0.439695 3.87557e-32
0.439888 6.68712e-32
0.440081 4.57903e-32
0.440274 3.12837e-32
0.440467 1.16253e-31
0.44066 9.94427e-32
0.440853 1.81063e-31
0.441046 2.65458e-31
