0.000193018 4.90712e-30
0.000386036 3.51591e-29
0.000579054 1.39923e-29
0.000772072 1.28191e-29
0.000965091 6.04917e-30
0.00115811 2.09337e-29
0.00135113 7.96303e-30
0.00154414 1.022e-29
0.00173716 2.10156e-30
0.00193018 1.10208e-29
0.0021232 5.2247e-31
0.00231622 1.91666e-30
0.00250924 1.44448e-30
0.00270225 1.17252e-30
0.00289527 1.17481e-30
0.00308829 1.23439e-30
0.00328131 2.07707e-32
0.00347433 7.60335e-32
0.00366734 4.66771e-31
0.00386036 2.39673e-30
0.00405338 2.98305e-30
0.0042464 7.61762e-30
0.00443942 1.06927e-30
0.00463243 4.07275e-30
0.00482545 2.60947e-30
0.00501847 3.47636e-31
0.00521149 9.96755e-31
0.00540451 1.47636e-30
0.00559753 5.81001e-30
0.00579054 2.53733e-31
0.00598356 2.11602e-30
0.00617658 2.43357e-30
0.0063696 4.36134e-30
0.00656262 4.35291e-31
0.00675563 1.4116e-30
0.00694865 1.0376e-30
0.00714167 1.14749e-30
0.00733469 3.22954e-30
0.00752771 1.47952e-30
0.00772072 4.37381e-30
0.00791374 1.16446e-30
0.00810676 3.61139e-32
0.00829978 1.72112e-31
0.0084928 9.22558e-32
0.00868581 2.17982e-30
0.00887883 4.49779e-30
0.00907185 2.67672e-30
0.00926487 1.34715e-30
0.00945789 3.11757e-30
0.00965091 2.66342e-30
0.00984392 1.76418e-31
0.0100369 3.78959e-30
0.01023 1.01042e-30
0.010423 8.7924e-31
0.010616 1.25851e-30
0.010809 1.3701e-31
0.011002 4.06697e-30
0.0111951 8.66426e-32
0.0113881 6.33254e-30
0.0115811 1.45348e-30
0.0117741 1.19063e-31
0.0119671 1.56144e-30
0.0121601 3.20157e-30
0.0123532 5.71489e-31
0.0125462 4.14486e-30
0.0127392 7.26833e-32
0.0129322 4.81352e-32
0.0131252 1.33379e-30
0.0133182 8.21979e-31
0.0135113 8.93159e-31
0.0137043 8.62518e-32
0.0138973 1.4225e-30
0.0140903 3.07558e-30
0.0142833 1.94753e-30
0.0144764 1.33953e-30
0.0146694 5.51702e-31
0.0148624 5.65363e-30
0.0150554 2.47018e-30
0.0152484 4.18304e-33
0.0154414 2.36925e-30
0.0156345 3.51431e-31
0.0158275 6.78616e-31
0.0160205 2.05009e-30
0.0162135 3.91258e-31
0.0164065 5.28469e-31
0.0165996 5.2511e-31
0.0167926 7.54123e-31
0.0169856 1.15477e-30
0.0171786 3.19753e-30
0.0173716 6.07149e-31
0.0175646 1.12384e-31
0.0177577 2.01378e-31
0.0179507 8.30212e-31
0.0181437 3.13124e-31
0.0183367 4.96989e-30
0.0185297 2.39599e-30
0.0187228 1.45072e-29
0.0189158 2.38727e-30
0.0191088 1.27669e-30
0.0193018 1.89403e-31
0.0194948 3.37361e-30
0.0196878 1.16255e-30
0.0198809 3.81136e-30
0.0200739 1.88611e-30
0.0202669 8.95874e-31
0.0204599 5.38577e-31
0.0206529 1.5102e-31
0.020846 4.31218e-31
0.021039 6.3836e-30
0.021232 2.01789e-30
0.021425 5.1049e-30
0.021618 1.67629e-30
0.021811 7.64834e-31
0.0220041 2.01268e-31
0.0221971 1.85123e-30
0.0223901 3.12797e-30
0.0225831 3.73481e-30
0.0227761 1.44256e-30
0.0229692 2.5087e-30
0.0231622 1.64174e-30
0.0233552 7.04185e-31
0.0235482 2.86436e-30
0.0237412 6.91535e-31
0.0239342 1.20124e-30
0.0241273 3.99009e-30
0.0243203 1.23175e-30
0.0245133 5.30401e-30
0.0247063 5.12326e-31
0.0248993 6.83921e-31
0.0250924 3.04136e-32
0.0252854 4.95088e-31
0.0254784 2.0143e-30
0.0256714 1.96219e-30
0.0258644 1.29778e-30
0.0260574 6.9574e-31
0.0262505 1.45056e-30
0.0264435 2.84753e-30
0.0266365 1.65342e-30
0.0268295 1.28883e-30
0.0270225 1.70962e-30
0.0272156 2.4265e-30
0.0274086 2.98966e-30
0.0276016 3.94659e-31
0.0277946 1.6202e-30
0.0279876 6.38797e-31
0.0281806 7.70114e-31
0.0283737 2.11285e-30
0.0285667 4.06193e-31
0.0287597 1.20654e-30
0.0289527 5.74312e-30
0.0291457 4.52269e-30
0.0293388 1.22156e-29
0.0295318 1.0332e-29
0.0297248 2.9888e-31
0.0299178 5.03427e-30
0.0301108 9.01901e-31
0.0303038 1.87832e-30
0.0304969 3.28662e-31
0.0306899 2.3298e-30
0.0308829 2.33733e-30
0.0310759 8.20106e-31
0.0312689 4.68667e-30
0.031462 1.27339e-30
0.031655 8.1953e-31
0.031848 1.00638e-30
0.032041 8.71216e-31
0.032234 6.40949e-30
0.032427 8.84683e-31
0.0326201 3.49572e-30
0.0328131 2.47558e-30
0.0330061 5.61375e-30
0.0331991 3.19105e-30
0.0333921 7.28242e-30
0.0335852 4.74478e-31
0.0337782 7.30587e-31
0.0339712 1.20053e-30
0.0341642 4.39179e-30
0.0343572 3.89327e-30
0.0345502 4.35982e-30
0.0347433 3.6253e-30
0.0349363 2.1105e-30
0.0351293 1.92767e-30
0.0353223 7.17132e-30
0.0355153 1.06246e-30
0.0357083 1.35277e-30
0.0359014 8.56514e-31
0.0360944 8.1371e-31
0.0362874 3.87449e-31
0.0364804 2.16262e-30
0.0366734 1.13879e-31
0.0368665 3.20337e-30
0.0370595 1.58087e-30
0.0372525 8.22066e-31
0.0374455 6.268e-31
0.0376385 1.18422e-30
0.0378315 4.46797e-30
0.0380246 5.42503e-30
0.0382176 3.90656e-30
0.0384106 2.98386e-30
0.0386036 1.65376e-31
0.0387966 3.47442e-30
0.0389897 5.54137e-30
0.0391827 4.30447e-30
0.0393757 6.61389e-30
0.0395687 1.40843e-30
0.0397617 6.93247e-30
0.0399547 3.93841e-30
0.0401478 6.75002e-30
0.0403408 4.24905e-30
0.0405338 1.44779e-30
0.0407268 6.55194e-31
0.0409198 1.34276e-30
0.0411129 9.82396e-31
0.0413059 1.34727e-30
0.0414989 8.34135e-31
0.0416919 5.65682e-30
0.0418849 9.86437e-32
0.0420779 1.16056e-30
0.042271 2.53314e-30
0.042464 3.31247e-30
0.042657 2.44088e-30
0.04285 5.55387e-30
0.043043 5.94122e-30
0.0432361 8.32858e-30
0.0434291 1.38545e-30
0.0436221 4.71074e-31
0.0438151 1.46943e-31
0.0440081 1.50182e-32
0.0442011 4.68453e-32
0.0443942 2.38417e-30
0.0445872 4.67509e-30
0.0447802 1.97532e-30
0.0449732 2.28182e-30
0.0451662 3.67001e-30
0.0453593 1.48392e-30
0.0455523 2.5753e-30
0.0457453 2.27226e-30
0.0459383 3.01953e-30
0.0461313 1.48754e-30
0.0463243 7.77986e-30
0.0465174 9.32358e-30
0.0467104 1.32782e-30
0.0469034 4.02472e-30
0.0470964 9.60591e-31
0.0472894 5.36564e-31
0.0474825 3.53522e-30
0.0476755 1.41455e-30
0.0478685 4.78183e-30
0.0480615 1.53647e-31
0.0482545 4.00136e-31
0.0484475 4.36858e-31
0.0486406 2.09073e-30
0.0488336 4.90749e-31
0.0490266 3.52457e-30
0.0492196 3.78847e-31
0.0494126 1.65075e-30
0.0496057 2.65663e-31
0.0497987 6.33394e-30
0.0499917 3.2715e-31
0.0501847 2.25904e-30
0.0503777 1.27289e-30
0.0505707 1.16679e-30
0.0507638 9.27784e-30
0.0509568 3.59395e-30
0.0511498 3.17491e-30
0.0513428 1.27639e-30
0.0515358 2.50186e-30
0.0517289 7.95512e-31
0.0519219 1.1476e-30
0.0521149 1.21016e-30
0.0523079 3.71536e-30
0.0525009 2.26749e-30
0.0526939 2.60203e-31
0.052887 6.98772e-31
0.05308 4.23356e-30
0.053273 2.83086e-30
0.053466 1.47024e-30
0.053659 3.05489e-30
0.0538521 8.05022e-31
0.0540451 7.94691e-31
0.0542381 6.8575e-31
0.0544311 4.80889e-31
0.0546241 2.10284e-30
0.0548171 3.27558e-30
0.0550102 1.99541e-30
0.0552032 1.95415e-30
0.0553962 5.73855e-31
0.0555892 6.52294e-31
0.0557822 5.0326e-31
0.0559753 4.47441e-31
0.0561683 6.37598e-31
0.0563613 4.20204e-30
0.0565543 2.27731e-30
0.0567473 9.89669e-31
0.0569403 1.54972e-30
0.0571334 6.58227e-32
0.0573264 1.04959e-30
0.0575194 6.36381e-31
0.0577124 1.7218e-30
0.0579054 2.05596e-31
0.0580984 1.85207e-30
0.0582915 2.65045e-30
0.0584845 4.90021e-31
0.0586775 1.90081e-30
0.0588705 1.44365e-30
0.0590635 6.96246e-32
0.0592566 1.17568e-30
0.0594496 2.72594e-30
0.0596426 4.00917e-30
0.0598356 5.08416e-30
0.0600286 3.95065e-31
0.0602216 1.62315e-30
0.0604147 2.12022e-30
0.0606077 1.17132e-30
0.0608007 3.38738e-30
0.0609937 5.26895e-30
0.0611867 2.33588e-30
0.0613798 5.31308e-31
0.0615728 2.16302e-30
0.0617658 2.27233e-30
0.0619588 1.92889e-30
0.0621518 4.29445e-31
0.0623448 2.38687e-30
0.0625379 3.49931e-30
0.0627309 1.03676e-30
0.0629239 7.04616e-30
0.0631169 9.68037e-30
0.0633099 2.37424e-30
0.063503 7.67031e-31
0.063696 3.4562e-31
0.063889 8.53985e-31
0.064082 5.45507e-31
0.064275 3.47596e-30
0.064468 2.07182e-30
0.0646611 2.98819e-31
0.0648541 1.20967e-30
0.0650471 3.51906e-30
0.0652401 1.2838e-31
0.0654331 4.20063e-30
0.0656262 3.25718e-30
0.0658192 1.68324e-30
0.0660122 5.66301e-31
0.0662052 4.04234e-31
0.0663982 1.59415e-30
0.0665912 2.25457e-30
0.0667843 6.80783e-31
0.0669773 1.1431e-30
0.0671703 1.23114e-30
0.0673633 2.0642e-30
0.0675563 1.30363e-30
0.0677494 1.15146e-29
0.0679424 1.11109e-30
0.0681354 2.67443e-30
0.0683284 1.8202e-30
0.0685214 1.20663e-30
0.0687144 2.87731e-30
0.0689075 1.68013e-30
0.0691005 3.31057e-30
0.0692935 3.96529e-30
0.0694865 1.41286e-30
0.0696795 4.57785e-30
0.0698726 1.80055e-30
0.0700656 1.21089e-30
0.0702586 2.23487e-30
0.0704516 2.23162e-31
0.0706446 7.70948e-31
0.0708376 1.61419e-30
0.0710307 3.06905e-30
0.0712237 3.30094e-30
0.0714167 2.63252e-30
0.0716097 1.6902e-30
0.0718027 1.10466e-29
0.0719958 3.15081e-30
0.0721888 5.21333e-31
0.0723818 3.13795e-31
0.0725748 2.42846e-31
0.0727678 4.78205e-30
0.0729608 1.48171e-30
0.0731539 2.2351e-30
0.0733469 1.50463e-30
0.0735399 1.25418e-29
0.0737329 1.53975e-31
0.0739259 9.62247e-31
0.074119 2.84427e-31
0.074312 1.63666e-30
0.074505 1.73687e-30
0.074698 1.44398e-30
0.074891 1.1635e-30
0.075084 3.39089e-31
0.0752771 3.0538e-30
0.0754701 9.71584e-31
0.0756631 2.88279e-30
0.0758561 4.36753e-30
0.0760491 8.98342e-31
0.0762422 1.14691e-29
0.0764352 7.63569e-30
0.0766282 1.95853e-29
0.0768212 6.27389e-30
0.0770142 8.15774e-30
0.0772072 3.04392e-30
0.0774003 3.07173e-30
0.0775933 4.26488e-31
0.0777863 3.73521e-30
0.0779793 1.51849e-30
0.0781723 2.59746e-30
0.0783654 1.31445e-30
0.0785584 5.44566e-30
0.0787514 3.83185e-30
0.0789444 1.13758e-30
0.0791374 3.49887e-31
0.0793304 3.50247e-30
0.0795235 8.26717e-31
0.0797165 3.91795e-30
0.0799095 2.18463e-30
0.0801025 3.62331e-30
0.0802955 4.87555e-31
0.0804885 1.9426e-30
0.0806816 9.52312e-31
0.0808746 6.10275e-31
0.0810676 7.9616e-30
0.0812606 2.4534e-30
0.0814536 2.32831e-30
0.0816467 2.6137e-30
0.0818397 2.48421e-31
0.0820327 3.0517e-30
0.0822257 7.60019e-31
0.0824187 2.89707e-30
0.0826117 1.89079e-30
0.0828048 5.59619e-30
0.0829978 7.18563e-31
0.0831908 2.43862e-30
0.0833838 2.33465e-30
0.0835768 2.88993e-30
0.0837699 8.43732e-32
0.0839629 3.79042e-30
0.0841559 1.05302e-32
0.0843489 4.22893e-31
0.0845419 1.77847e-30
0.0847349 7.18075e-31
0.084928 2.08828e-30
0.085121 8.86202e-31
0.085314 1.84093e-30
0.085507 2.6166e-30
0.0857 2.03263e-30
0.0858931 1.81022e-30
0.0860861 3.61889e-30
0.0862791 5.91343e-31
0.0864721 1.67195e-30
0.0866651 5.98339e-31
0.0868581 1.04234e-30
0.0870512 6.35161e-30
0.0872442 2.3888e-30
0.0874372 4.94947e-30
0.0876302 2.56426e-30
0.0878232 2.85496e-31
0.0880163 6.62333e-31
0.0882093 2.1614e-30
0.0884023 1.90317e-30
0.0885953 2.70531e-30
0.0887883 8.12612e-30
0.0889813 1.19194e-31
0.0891744 2.26036e-32
0.0893674 1.77957e-30
0.0895604 8.7662e-30
0.0897534 1.71059e-30
0.0899464 2.84212e-31
0.0901395 1.44606e-30
0.0903325 2.1682e-32
0.0905255 1.10112e-30
0.0907185 6.10542e-30
0.0909115 2.24487e-30
0.0911045 7.72607e-32
0.0912976 8.51239e-31
0.0914906 6.91152e-31
0.0916836 3.71207e-31
0.0918766 9.35043e-31
0.0920696 5.64166e-31
0.0922627 1.51018e-30
0.0924557 3.56992e-31
0.0926487 6.82492e-30
0.0928417 6.66974e-31
0.0930347 1.47207e-30
0.0932277 1.09297e-30
0.0934208 7.56661e-30
0.0936138 2.39111e-30
0.0938068 1.69698e-30
0.0939998 1.95173e-30
0.0941928 1.17823e-30
0.0943859 5.77509e-31
0.0945789 8.89402e-31
0.0947719 2.32801e-31
0.0949649 4.74393e-31
0.0951579 3.52839e-30
0.0953509 5.99482e-31
0.095544 2.91697e-30
0.095737 2.94725e-31
0.09593 1.18663e-30
0.096123 6.81897e-31
0.096316 2.27089e-33
0.0965091 9.16425e-30
0.0967021 4.51299e-30
0.0968951 2.29801e-30
0.0970881 3.55162e-30
0.0972811 3.77048e-31
0.0974741 3.8572e-30
0.0976672 2.87986e-31
0.0978602 1.59853e-30
0.0980532 2.06804e-30
0.0982462 1.68972e-30
0.0984392 4.01652e-30
0.0986323 1.20497e-30
0.0988253 1.13592e-30
0.0990183 4.42429e-31
0.0992113 2.75082e-30
0.0994043 3.50361e-30
0.0995973 5.43267e-30
0.0997904 5.12266e-31
0.0999834 1.96369e-30
0.100176 4.24295e-30
0.100369 1.74278e-30
0.100562 9.12002e-32
0.100755 6.1669e-30
0.100948 2.37796e-31
0.101141 1.31176e-30
0.101335 2.08535e-30
0.101528 3.29522e-30
0.101721 5.05314e-30
0.101914 5.24717e-30
0.102107 9.19622e-31
0.1023 4.19336e-31
0.102493 1.70973e-30
0.102686 6.03751e-30
0.102879 7.89434e-30
0.103072 4.36824e-30
0.103265 9.78961e-30
0.103458 2.69995e-30
0.103651 2.75926e-30
0.103844 2.70796e-30
0.104037 2.27179e-30
0.10423 7.50245e-31
0.104423 5.87039e-31
0.104616 1.51336e-30
0.104809 1.00479e-30
0.105002 2.74403e-30
0.105195 1.87301e-30
0.105388 7.4599e-30
0.105581 3.26259e-31
0.105774 9.68663e-31
0.105967 6.07913e-31
0.10616 1.76816e-32
0.106353 5.08681e-30
0.106546 1.95153e-30
0.106739 2.81174e-30
0.106932 3.19535e-30
0.107125 1.70757e-30
0.107318 5.99142e-30
0.107511 7.33509e-30
0.107704 1.41921e-30
0.107897 1.53482e-30
0.10809 6.76252e-32
0.108283 7.25255e-30
0.108476 2.03993e-30
0.108669 7.93282e-30
0.108862 2.51165e-30
0.109055 3.98355e-30
0.109248 1.62221e-30
0.109441 5.13912e-30
0.109634 4.62636e-31
0.109827 2.98641e-31
0.11002 4.62436e-31
0.110213 4.03707e-30
0.110406 6.11348e-30
0.110599 9.02597e-31
0.110792 9.57401e-30
0.110985 1.5259e-30
0.111178 4.09419e-31
0.111371 1.73214e-31
0.111564 1.75553e-30
0.111757 1.40815e-30
0.111951 1.36265e-31
0.112144 3.48927e-30
0.112337 6.52314e-31
0.11253 9.24474e-31
0.112723 2.70422e-30
0.112916 5.96884e-31
0.113109 2.02879e-30
0.113302 1.18415e-30
0.113495 1.77704e-30
0.113688 3.70352e-30
0.113881 5.43858e-31
0.114074 1.89511e-30
0.114267 1.01974e-30
0.11446 2.72925e-31
0.114653 7.48869e-31
0.114846 4.02026e-31
0.115039 5.3417e-30
0.115232 1.78064e-30
0.115425 4.86321e-30
0.115618 3.17507e-30
0.115811 1.13791e-30
0.116004 3.72025e-30
0.116197 2.03233e-30
0.11639 1.52941e-30
0.116583 7.8505e-31
0.116776 1.03468e-30
0.116969 1.43189e-31
0.117162 2.71295e-30
0.117355 2.06172e-30
0.117548 4.22163e-30
0.117741 2.82873e-30
0.117934 2.44669e-30
0.118127 8.76346e-31
0.11832 2.08323e-30
0.118513 2.44773e-32
0.118706 1.96386e-30
0.118899 9.96497e-31
0.119092 1.03776e-30
0.119285 2.71827e-30
0.119478 2.86692e-30
0.119671 6.36998e-30
0.119864 5.76864e-30
0.120057 1.79508e-30
0.12025 1.69393e-30
0.120443 1.51282e-30
0.120636 9.10666e-30
0.120829 2.96503e-30
0.121022 2.18592e-30
0.121215 3.40762e-30
0.121408 2.86687e-30
0.121601 1.14084e-30
0.121794 2.79258e-30
0.121987 2.80487e-31
0.12218 2.20001e-30
0.122373 1.93434e-30
0.122566 3.4425e-30
0.12276 6.85929e-31
0.122953 2.22416e-30
0.123146 6.49269e-30
0.123339 4.13128e-30
0.123532 2.24285e-30
0.123725 6.90268e-30
0.123918 8.87103e-31
0.124111 7.44871e-31
0.124304 5.63687e-30
0.124497 2.80548e-31
0.12469 2.06956e-31
0.124883 1.69001e-30
0.125076 1.52234e-30
0.125269 6.85143e-31
0.125462 3.22664e-31
0.125655 3.63155e-31
0.125848 3.9822e-31
0.126041 1.51102e-31
0.126234 5.18162e-30
0.126427 1.87775e-30
0.12662 3.0749e-30
0.126813 3.35543e-30
0.127006 9.00009e-30
0.127199 1.27504e-29
0.127392 1.58517e-30
0.127585 6.37352e-30
0.127778 3.65607e-31
0.127971 1.00823e-30
0.128164 6.46916e-31
0.128357 3.11747e-30
0.12855 2.14687e-30
0.128743 3.21874e-31
0.128936 8.13318e-30
0.129129 2.6532e-31
0.129322 3.8561e-30
0.129515 7.09716e-30
0.129708 2.89232e-30
0.129901 8.08841e-31
0.130094 1.1908e-30
0.130287 3.53325e-30
0.13048 1.32886e-30
0.130673 2.57513e-30
0.130866 4.51002e-31
0.131059 2.22148e-30
0.131252 1.93237e-30
0.131445 4.13889e-31
0.131638 1.61316e-30
0.131831 2.16377e-30
0.132024 1.06234e-30
0.132217 3.36904e-30
0.13241 9.67705e-32
0.132603 3.37169e-31
0.132796 7.86239e-32
0.132989 4.47635e-31
0.133182 2.33219e-30
0.133376 2.58262e-31
0.133569 6.68087e-31
0.133762 2.30077e-30
0.133955 4.68094e-31
0.134148 6.37425e-31
0.134341 1.69842e-30
0.134534 6.08114e-32
0.134727 5.46868e-32
0.13492 5.76424e-31
0.135113 3.79989e-30
0.135306 2.9076e-31
0.135499 1.28191e-30
0.135692 1.37493e-30
0.135885 6.49327e-31
0.136078 1.47772e-30
0.136271 4.53966e-32
0.136464 4.02208e-31
0.136657 2.92505e-30
0.13685 2.98801e-30
0.137043 3.15959e-31
0.137236 2.19118e-31
0.137429 1.5456e-30
0.137622 2.54557e-30
0.137815 3.52865e-30
0.138008 6.33498e-30
0.138201 1.39912e-30
0.138394 2.63352e-30
0.138587 7.49566e-31
0.13878 2.78447e-30
0.138973 2.7911e-31
0.139166 5.10318e-30
0.139359 2.49056e-31
0.139552 5.42383e-32
0.139745 1.20904e-30
0.139938 1.48377e-30
0.140131 4.389e-30
0.140324 4.01411e-30
0.140517 1.09559e-29
0.14071 9.53463e-30
0.140903 2.39618e-30
0.141096 5.62542e-30
0.141289 2.74325e-30
0.141482 3.3772e-31
0.141675 3.70389e-30
0.141868 5.71493e-31
0.142061 1.57337e-30
0.142254 3.1067e-30
0.142447 7.44683e-30
0.14264 6.22737e-31
0.142833 3.70732e-30
0.143026 5.63526e-30
0.143219 4.95831e-31
0.143412 1.01176e-30
0.143605 1.11572e-30
0.143798 2.4018e-30
0.143992 1.13867e-30
0.144185 1.184e-30
0.144378 2.23814e-30
0.144571 1.13468e-30
0.144764 3.04653e-31
0.144957 1.71621e-32
0.14515 5.8449e-30
0.145343 3.30197e-30
0.145536 2.38389e-30
0.145729 1.6215e-30
0.145922 4.0699e-30
0.146115 2.39233e-30
0.146308 2.0832e-30
0.146501 9.12579e-31
0.146694 1.17131e-31
0.146887 1.38446e-30
0.14708 3.52826e-30
0.147273 2.20918e-30
0.147466 2.48744e-30
0.147659 2.91529e-30
0.147852 1.12445e-30
0.148045 3.48884e-31
0.148238 5.41632e-30
0.148431 1.2738e-30
0.148624 5.38613e-30
0.148817 2.29237e-31
0.14901 4.29907e-30
0.149203 6.0788e-30
0.149396 2.19303e-30
0.149589 6.16828e-31
0.149782 1.14602e-30
0.149975 3.26242e-30
0.150168 3.16335e-31
0.150361 1.28426e-30
0.150554 2.42107e-30
0.150747 3.18697e-30
0.15094 4.05037e-30
0.151133 9.91724e-31
0.151326 1.62676e-30
0.151519 1.07894e-30
0.151712 8.41484e-30
0.151905 5.05489e-30
0.152098 8.89715e-31
0.152291 2.67468e-31
0.152484 3.22557e-31
0.152677 5.07989e-30
0.15287 2.08739e-30
0.153063 5.02442e-30
0.153256 1.18644e-30
0.153449 5.9535e-30
0.153642 1.19997e-30
0.153835 1.86678e-31
0.154028 1.65411e-31
0.154221 1.19536e-31
0.154414 2.82102e-30
0.154608 1.75319e-30
0.154801 1.21137e-30
0.154994 1.25454e-30
0.155187 1.29825e-30
0.15538 3.05112e-31
0.155573 1.15807e-30
0.155766 7.69217e-31
0.155959 5.78397e-30
0.156152 1.0989e-30
0.156345 6.59716e-31
0.156538 1.02316e-30
0.156731 6.81551e-31
0.156924 3.16217e-30
0.157117 7.67797e-31
0.15731 2.07999e-30
0.157503 1.58274e-30
0.157696 7.15554e-32
0.157889 2.29702e-30
0.158082 4.10771e-31
0.158275 7.4725e-31
0.158468 1.154e-31
0.158661 7.38563e-31
0.158854 3.37848e-31
0.159047 3.44532e-31
0.15924 2.39483e-30
0.159433 1.02916e-30
0.159626 8.64349e-31
0.159819 2.02013e-32
0.160012 7.45443e-32
0.160205 2.84782e-30
0.160398 2.95859e-30
0.160591 7.49365e-30
0.160784 1.08916e-29
0.160977 7.50584e-30
0.16117 6.20833e-30
0.161363 2.38409e-30
0.161556 3.19285e-30
0.161749 1.22297e-30
0.161942 3.3947e-30
0.162135 3.83334e-30
0.162328 5.39764e-31
0.162521 3.60617e-30
0.162714 2.28582e-30
0.162907 2.89777e-30
0.1631 4.97757e-30
0.163293 6.12318e-31
0.163486 4.40843e-30
0.163679 1.59683e-31
0.163872 1.51901e-30
0.164065 2.95322e-30
0.164258 1.54938e-30
0.164451 2.66777e-31
0.164644 4.73075e-32
0.164837 1.36098e-30
0.16503 1.47275e-30
0.165223 1.7956e-31
0.165417 4.70984e-31
0.16561 1.79691e-30
0.165803 1.24118e-30
0.165996 2.09353e-30
0.166189 1.53429e-30
0.166382 3.32356e-31
0.166575 8.15685e-31
0.166768 3.13702e-30
0.166961 6.28396e-30
0.167154 1.19246e-31
0.167347 2.21856e-30
0.16754 3.67189e-30
0.167733 1.97834e-30
0.167926 1.49972e-30
0.168119 3.38959e-30
0.168312 5.7364e-31
0.168505 1.44509e-30
0.168698 9.43396e-31
0.168891 2.03572e-30
0.169084 6.91693e-31
0.169277 3.13553e-32
0.16947 2.1347e-30
0.169663 2.39195e-30
0.169856 4.62889e-30
0.170049 2.44135e-30
0.170242 7.38814e-30
0.170435 4.69407e-30
0.170628 4.53572e-30
0.170821 6.46869e-31
0.171014 1.96172e-30
0.171207 1.16247e-31
0.1714 1.66261e-30
0.171593 7.04063e-30
0.171786 1.88188e-30
0.171979 3.35526e-30
0.172172 4.46964e-31
0.172365 2.71973e-30
0.172558 4.37602e-30
0.172751 1.81592e-31
0.172944 3.20961e-31
0.173137 7.2344e-31
0.17333 3.0712e-30
0.173523 1.97611e-30
0.173716 6.28266e-31
0.173909 3.49136e-30
0.174102 2.91894e-30
0.174295 4.82969e-30
0.174488 6.28187e-31
0.174681 4.40739e-31
0.174874 4.98056e-31
0.175067 4.65803e-31
0.17526 1.12379e-30
0.175453 3.09455e-31
0.175646 1.11926e-33
0.175839 2.6383e-30
0.176033 1.17709e-30
0.176226 2.87129e-30
0.176419 4.17337e-31
0.176612 5.3246e-31
0.176805 8.22053e-31
0.176998 7.57847e-31
0.177191 1.43811e-30
0.177384 1.65389e-30
0.177577 1.38351e-30
0.17777 2.30646e-30
0.177963 8.27111e-31
0.178156 3.33312e-30
0.178349 2.35574e-31
0.178542 1.47091e-30
0.178735 1.24312e-31
0.178928 9.75281e-30
0.179121 4.07643e-30
0.179314 5.15288e-30
0.179507 3.94701e-31
0.1797 6.78601e-32
0.179893 1.23768e-30
0.180086 5.26801e-30
0.180279 1.34529e-30
0.180472 9.63035e-31
0.180665 2.34899e-30
0.180858 6.36665e-30
0.181051 5.28519e-30
0.181244 2.85584e-30
0.181437 4.12834e-30
0.18163 1.1875e-31
0.181823 3.05236e-30
0.182016 1.41802e-30
0.182209 7.34371e-31
0.182402 3.37829e-30
0.182595 1.75582e-30
0.182788 4.26068e-30
0.182981 3.19371e-31
0.183174 2.15512e-30
0.183367 3.64013e-30
0.18356 1.40727e-30
0.183753 2.03359e-30
0.183946 7.3098e-31
0.184139 2.38659e-30
0.184332 1.43516e-30
0.184525 3.93284e-30
0.184718 8.98237e-30
0.184911 2.9945e-30
0.185104 3.36019e-30
0.185297 3.84155e-30
0.18549 3.55568e-31
0.185683 2.21591e-30
0.185876 2.28345e-31
0.186069 5.49885e-30
0.186262 3.24416e-31
0.186455 1.03459e-30
0.186649 1.7891e-30
0.186842 4.18759e-30
0.187035 6.00504e-31
0.187228 7.02177e-30
0.187421 7.02663e-31
0.187614 1.0953e-31
0.187807 5.74934e-31
0.188 8.70754e-33
0.188193 2.59105e-31
0.188386 1.79036e-30
0.188579 6.15092e-31
0.188772 2.40169e-30
0.188965 4.28973e-30
0.189158 1.68891e-30
0.189351 1.3318e-30
0.189544 5.12183e-30
0.189737 9.17058e-31
0.18993 3.06758e-30
0.190123 6.08857e-31
0.190316 3.88615e-30
0.190509 2.07978e-30
0.190702 4.59855e-30
0.190895 4.00279e-30
0.191088 3.26366e-31
0.191281 5.22761e-31
0.191474 2.49208e-30
0.191667 1.6786e-30
0.19186 4.52862e-30
0.192053 7.20946e-30
0.192246 2.43794e-30
0.192439 2.7682e-31
0.192632 1.21643e-30
0.192825 1.05509e-30
0.193018 6.1924e-33
0.193211 3.8741e-30
0.193404 7.63773e-31
0.193597 1.80699e-30
0.19379 5.0418e-31
0.193983 2.39142e-31
0.194176 1.74699e-30
0.194369 3.13692e-31
0.194562 7.76246e-31
0.194755 9.39959e-31
0.194948 3.672e-30
0.195141 2.23577e-30
0.195334 8.40137e-31
0.195527 1.44579e-30
0.19572 5.10406e-30
0.195913 2.10459e-30
0.196106 4.51261e-30
0.196299 1.691e-31
0.196492 7.7087e-31
0.196685 1.67998e-30
0.196878 1.07792e-30
0.197071 4.00959e-30
0.197265 9.65953e-31
0.197458 1.32706e-30
0.197651 5.1841e-31
0.197844 1.26097e-30
0.198037 4.26855e-31
0.19823 2.08773e-30
0.198423 1.44882e-31
0.198616 4.71107e-31
0.198809 2.59404e-30
0.199002 1.73642e-31
0.199195 4.54208e-30
0.199388 8.52685e-30
0.199581 9.50812e-30
0.199774 1.83744e-30
0.199967 4.96865e-30
0.20016 2.08714e-30
0.200353 6.73781e-30
0.200546 3.54252e-30
0.200739 3.6378e-30
0.200932 2.25662e-30
0.201125 3.7704e-30
0.201318 4.41164e-30
0.201511 3.41895e-30
0.201704 6.16427e-30
0.201897 4.06699e-30
0.20209 2.29675e-30
0.202283 4.84243e-30
0.202476 4.575e-30
0.202669 7.50046e-32
0.202862 6.6413e-31
0.203055 7.98754e-31
0.203248 2.8048e-30
0.203441 8.72691e-31
0.203634 9.57815e-30
0.203827 2.17807e-30
0.20402 6.98472e-30
0.204213 3.36741e-30
0.204406 1.15895e-30
0.204599 4.26119e-30
0.204792 6.65283e-31
0.204985 2.56588e-30
0.205178 5.26843e-30
0.205371 1.60422e-30
0.205564 2.6177e-30
0.205757 3.35642e-30
0.20595 1.0846e-31
0.206143 3.61324e-31
0.206336 4.29908e-32
0.206529 3.6833e-31
0.206722 2.40475e-31
0.206915 9.97002e-31
0.207108 1.18545e-29
0.207301 1.72438e-31
0.207494 5.50105e-30
0.207687 6.35407e-31
0.20788 1.55665e-32
0.208074 4.97019e-31
0.208267 1.10479e-30
0.20846 1.97158e-30
0.208653 1.10707e-30
0.208846 6.325e-30
0.209039 1.26169e-30
0.209232 2.12758e-30
0.209425 2.47704e-30
0.209618 3.57072e-31
0.209811 1.23383e-30
0.210004 1.19542e-30
0.210197 1.6427e-30
0.21039 8.97157e-31
0.210583 1.29542e-30
0.210776 2.18044e-30
0.210969 2.42783e-30
0.211162 6.27001e-31
0.211355 4.80471e-30
0.211548 1.42071e-31
0.211741 1.39578e-31
0.211934 3.29564e-31
0.212127 1.53024e-30
0.21232 4.92349e-31
0.212513 2.32531e-31
0.212706 1.47572e-30
0.212899 3.21265e-30
0.213092 1.37899e-30
0.213285 1.22126e-30
0.213478 2.8766e-31
0.213671 1.12244e-30
0.213864 2.57904e-31
0.214057 3.53828e-30
0.21425 7.76288e-31
0.214443 8.15705e-30
0.214636 2.25907e-30
0.214829 4.74108e-30
0.215022 3.08431e-30
0.215215 1.26229e-30
0.215408 1.76072e-30
0.215601 2.05663e-30
0.215794 2.70956e-31
0.215987 1.61675e-30
0.21618 4.8318e-30
0.216373 1.64371e-30
0.216566 6.48057e-31
0.216759 3.26441e-30
0.216952 2.5942e-30
0.217145 4.88911e-31
0.217338 5.02285e-32
0.217531 4.44862e-31
0.217724 5.2684e-31
0.217917 4.39161e-30
0.21811 4.98304e-31
0.218303 5.94481e-30
0.218496 4.94733e-31
0.21869 4.63408e-30
0.218883 4.96856e-30
0.219076 1.27625e-30
0.219269 2.15026e-30
0.219462 3.49294e-33
0.219655 1.23594e-30
0.219848 1.42781e-30
0.220041 1.19074e-31
0.220234 1.25449e-30
0.220427 2.05507e-30
0.22062 1.50056e-30
0.220813 4.22702e-30
0.221006 1.83045e-30
0.221199 1.25438e-31
0.221392 3.71733e-30
0.221585 2.4506e-30
0.221778 1.65454e-31
0.221971 4.00437e-31
0.222164 5.13274e-31
0.222357 8.73337e-31
0.22255 8.92129e-30
0.222743 8.06811e-31
0.222936 9.23201e-31
0.223129 1.66769e-30
0.223322 5.91326e-30
0.223515 8.26988e-31
0.223708 1.31597e-30
0.223901 8.79575e-31
0.224094 3.79655e-31
0.224287 2.61218e-30
0.22448 2.64202e-30
0.224673 1.3585e-30
0.224866 2.27687e-30
0.225059 2.93369e-30
0.225252 6.9986e-32
0.225445 3.34301e-30
0.225638 7.34502e-30
0.225831 2.7032e-30
0.226024 1.0124e-30
0.226217 8.7751e-31
0.22641 5.00024e-31
0.226603 1.47251e-30
0.226796 5.696e-31
0.226989 5.71319e-32
0.227182 3.15987e-30
0.227375 2.64672e-31
0.227568 1.85158e-31
0.227761 6.60974e-31
0.227954 4.70998e-30
0.228147 1.57064e-30
0.22834 3.25627e-30
0.228533 5.66817e-30
0.228726 4.38784e-31
0.228919 2.94787e-31
0.229112 4.01772e-30
0.229306 5.58213e-30
0.229499 1.79971e-30
0.229692 3.65637e-30
0.229885 5.3579e-31
0.230078 3.84438e-30
0.230271 3.44938e-30
0.230464 4.19395e-30
0.230657 1.57952e-30
0.23085 3.0155e-30
0.231043 4.2749e-31
0.231236 4.21899e-30
0.231429 1.70133e-30
0.231622 1.21456e-29
0.231815 2.3925e-30
0.232008 5.67511e-31
0.232201 3.62032e-31
0.232394 2.49466e-30
0.232587 2.00175e-30
0.23278 9.98259e-31
0.232973 1.89488e-30
0.233166 2.79357e-30
0.233359 3.57879e-30
0.233552 4.18587e-30
0.233745 3.73611e-30
0.233938 7.1691e-31
0.234131 1.67336e-30
0.234324 1.0477e-30
0.234517 3.00258e-30
0.23471 1.29379e-30
0.234903 4.08834e-31
0.235096 2.56324e-30
0.235289 1.24134e-30
0.235482 2.41276e-30
0.235675 2.1787e-30
0.235868 1.51313e-30
0.236061 5.94307e-31
0.236254 6.2484e-31
0.236447 5.13823e-31
0.23664 4.02131e-31
0.236833 4.18762e-30
0.237026 2.23006e-30
0.237219 1.9907e-31
0.237412 7.00155e-31
0.237605 4.14824e-31
0.237798 2.71373e-31
0.237991 3.2892e-30
0.238184 4.51954e-30
0.238377 2.31434e-30
0.23857 1.20067e-30
0.238763 5.91347e-30
0.238956 1.58312e-30
0.239149 2.51883e-30
0.239342 6.46225e-30
0.239535 5.66503e-31
0.239728 1.54679e-30
0.239922 3.74803e-30
0.240115 7.24827e-30
0.240308 4.55071e-30
0.240501 2.56873e-30
0.240694 2.53242e-30
0.240887 5.39417e-31
0.24108 8.61096e-31
0.241273 5.12001e-30
0.241466 7.17575e-31
0.241659 1.13657e-31
0.241852 3.05442e-31
0.242045 1.15454e-30
0.242238 2.53783e-30
0.242431 5.18946e-30
0.242624 3.99701e-30
0.242817 2.91457e-30
0.24301 3.40961e-30
0.243203 3.20084e-30
0.243396 8.69812e-31
0.243589 1.45206e-30
0.243782 1.28038e-30
0.243975 2.3175e-30
0.244168 5.60133e-31
0.244361 3.66083e-31
0.244554 1.50334e-30
0.244747 3.30587e-31
0.24494 1.95208e-30
0.245133 7.22955e-31
0.245326 2.32198e-30
0.245519 1.87624e-30
0.245712 4.83935e-30
0.245905 3.04245e-30
0.246098 3.72295e-30
0.246291 2.61535e-30
0.246484 8.27859e-30
0.246677 4.10996e-30
0.24687 1.11493e-30
0.247063 2.12413e-30
0.247256 6.78015e-31
0.247449 2.30913e-30
0.247642 1.06227e-30
0.247835 1.78979e-30
0.248028 1.92064e-30
0.248221 4.17313e-30
0.248414 5.25739e-30
0.248607 1.52108e-30
0.2488 1.07887e-30
0.248993 1.08224e-30
0.249186 1.03436e-30
0.249379 2.36143e-30
0.249572 4.69838e-30
0.249765 1.67559e-30
0.249958 1.14747e-30
0.250151 1.98015e-31
0.250344 4.77538e-31
0.250537 4.9183e-30
0.250731 1.67717e-30
0.250924 2.99045e-30
0.251117 1.36512e-30
0.25131 4.42477e-30
0.251503 7.51641e-31
0.251696 8.03886e-31
0.251889 5.47515e-31
0.252082 1.58618e-30
0.252275 1.9515e-30
0.252468 2.15516e-30
0.252661 1.80934e-30
0.252854 6.00299e-31
0.253047 1.37685e-30
0.25324 1.44636e-30
0.253433 3.9732e-30
0.253626 5.59835e-31
0.253819 5.45766e-31
0.254012 6.32183e-31
0.254205 1.48066e-30
0.254398 2.36193e-30
0.254591 5.31481e-30
0.254784 3.22773e-30
0.254977 5.20479e-31
0.25517 1.30336e-30
0.255363 1.65667e-30
0.255556 2.2788e-31
0.255749 3.88413e-30
0.255942 1.6208e-31
0.256135 3.45737e-30
0.256328 1.05019e-30
0.256521 1.47705e-30
0.256714 1.36974e-30
0.256907 7.17677e-31
0.2571 4.66473e-30
0.257293 2.10305e-30
0.257486 6.66051e-31
0.257679 9.13437e-31
0.257872 3.09583e-32
0.258065 1.31805e-30
0.258258 1.73556e-31
0.258451 2.88064e-30
0.258644 2.49077e-31
0.258837 2.80087e-30
0.25903 2.35876e-30
0.259223 4.08347e-30
0.259416 2.13438e-30
0.259609 2.29763e-30
0.259802 2.1192e-30
0.259995 3.65591e-31
0.260188 1.38164e-30
0.260381 2.58233e-31
0.260574 4.81474e-31
0.260767 4.66935e-31
0.26096 9.02131e-31
0.261153 5.02616e-31
0.261347 3.55539e-30
0.26154 1.93745e-31
0.261733 3.78887e-30
0.261926 1.72484e-30
0.262119 5.94721e-30
0.262312 4.8707e-30
0.262505 2.16556e-30
0.262698 3.98059e-30
0.262891 2.89591e-30
0.263084 3.20439e-30
0.263277 8.05575e-30
0.26347 2.80435e-30
0.263663 3.83195e-31
0.263856 1.20836e-31
0.264049 9.31964e-31
0.264242 3.09763e-30
0.264435 5.34946e-31
0.264628 2.16948e-30
0.264821 8.55842e-31
0.265014 2.21344e-30
0.265207 1.96516e-30
0.2654 7.09772e-30
0.265593 2.50773e-30
0.265786 1.38523e-31
0.265979 1.28006e-30
0.266172 1.54984e-30
0.266365 1.54705e-30
0.266558 2.62861e-30
0.266751 1.24883e-30
0.266944 1.87842e-30
0.267137 4.60711e-32
0.26733 1.77016e-30
0.267523 1.01471e-30
0.267716 3.39412e-30
0.267909 8.37295e-31
0.268102 7.99477e-30
0.268295 8.5558e-31
0.268488 3.25021e-30
0.268681 1.33024e-30
0.268874 4.61433e-30
0.269067 2.11241e-30
0.26926 5.03556e-30
0.269453 2.53785e-30
0.269646 2.16017e-30
0.269839 1.95726e-30
0.270032 5.32338e-30
0.270225 2.67664e-30
0.270418 1.1586e-30
0.270611 5.09671e-30
0.270804 2.26406e-30
0.270997 3.06077e-30
0.27119 2.13034e-30
0.271383 3.09072e-30
0.271576 8.61409e-31
0.271769 3.66738e-31
0.271963 2.1618e-30
0.272156 3.35824e-30
0.272349 1.83753e-31
0.272542 7.66633e-31
0.272735 2.09878e-30
0.272928 8.54249e-31
0.273121 1.98463e-30
0.273314 4.14983e-30
0.273507 2.81854e-30
0.2737 5.96359e-31
0.273893 2.06734e-30
0.274086 3.94048e-30
0.274279 4.6102e-30
0.274472 7.7804e-31
0.274665 1.40431e-32
0.274858 8.46399e-33
0.275051 6.80128e-31
0.275244 9.20938e-31
0.275437 8.40486e-32
0.27563 4.53029e-30
0.275823 1.5812e-30
0.276016 4.11295e-30
0.276209 1.53709e-30
0.276402 1.61758e-30
0.276595 2.1074e-31
0.276788 2.16888e-31
0.276981 2.04972e-30
0.277174 1.18166e-30
0.277367 2.3257e-30
0.27756 5.5966e-30
0.277753 1.6118e-30
0.277946 5.05447e-31
0.278139 4.84928e-30
0.278332 4.50033e-31
0.278525 4.05659e-30
0.278718 2.42862e-30
0.278911 1.6468e-30
0.279104 4.90927e-30
0.279297 1.58609e-30
0.27949 6.43172e-30
0.279683 7.12388e-30
0.279876 3.51011e-30
0.280069 8.29458e-30
0.280262 6.1027e-30
0.280455 1.21644e-30
0.280648 1.24194e-31
0.280841 5.86828e-31
0.281034 5.52807e-30
0.281227 3.74895e-31
0.28142 8.25557e-31
0.281613 4.73139e-31
0.281806 1.53099e-32
0.281999 2.00704e-30
0.282192 8.10783e-30
0.282385 1.21145e-30
0.282579 4.00711e-30
0.282772 2.07318e-30
0.282965 2.34803e-31
0.283158 8.42061e-31
0.283351 1.98011e-30
0.283544 3.03314e-30
0.283737 3.79418e-30
0.28393 5.59291e-31
0.284123 2.76737e-31
0.284316 2.77554e-30
0.284509 2.1337e-30
0.284702 7.93e-31
0.284895 2.96276e-30
0.285088 2.30058e-30
0.285281 2.40865e-31
0.285474 2.57023e-30
0.285667 2.86523e-30
0.28586 1.39536e-30
0.286053 2.77542e-31
0.286246 2.14458e-31
0.286439 5.56363e-31
0.286632 5.08229e-31
0.286825 4.0025e-30
0.287018 5.02439e-31
0.287211 2.23163e-30
0.287404 5.42729e-30
0.287597 1.80553e-31
0.28779 1.38686e-31
0.287983 4.08854e-30
0.288176 2.09111e-30
0.288369 1.06562e-30
0.288562 1.59202e-30
0.288755 8.89979e-31
0.288948 6.43699e-31
0.289141 8.90185e-31
0.289334 3.85349e-30
0.289527 1.15048e-29
0.28972 5.0485e-30
0.289913 6.64122e-30
0.290106 3.51106e-30
0.290299 3.63615e-30
0.290492 5.16511e-31
0.290685 3.79345e-30
0.290878 3.39919e-30
0.291071 2.34442e-30
0.291264 1.30064e-30
0.291457 4.98962e-32
0.29165 1.3473e-30
0.291843 2.7173e-30
0.292036 3.92494e-30
0.292229 6.15083e-31
0.292422 1.11539e-30
0.292615 7.33368e-30
0.292808 4.67654e-30
0.293001 7.14295e-30
0.293195 3.49382e-30
0.293388 2.25192e-30
0.293581 2.10808e-31
0.293774 7.35407e-31
0.293967 4.17235e-30
0.29416 6.76229e-31
0.294353 5.38739e-31
0.294546 5.68194e-31
0.294739 1.13426e-30
0.294932 2.82717e-30
0.295125 5.92431e-31
0.295318 3.68633e-31
0.295511 5.11992e-31
0.295704 1.60508e-30
0.295897 1.30673e-31
0.29609 1.67695e-31
0.296283 3.88376e-31
0.296476 4.24847e-30
0.296669 1.14553e-30
0.296862 3.93191e-30
0.297055 1.14359e-30
0.297248 1.29203e-31
0.297441 2.71452e-31
0.297634 2.90021e-31
0.297827 2.03938e-30
0.29802 1.83383e-31
0.298213 2.94105e-31
0.298406 1.13159e-30
0.298599 9.89683e-31
0.298792 2.46634e-30
0.298985 6.92917e-30
0.299178 4.68809e-31
0.299371 3.45556e-31
0.299564 2.23259e-32
0.299757 6.85845e-31
0.29995 1.36922e-30
0.300143 1.71192e-30
0.300336 2.13697e-30
0.300529 5.25308e-30
0.300722 4.41221e-30
0.300915 2.47474e-30
0.301108 1.08244e-30
0.301301 1.13607e-31
0.301494 2.50018e-30
0.301687 6.38014e-30
0.30188 5.56464e-30
0.302073 2.57813e-30
0.302266 3.69676e-30
0.302459 1.25826e-30
0.302652 5.66908e-31
0.302845 5.1435e-31
0.303038 2.40699e-30
0.303231 5.03741e-30
0.303424 4.44986e-31
0.303617 6.44539e-30
0.30381 1.20209e-30
0.304004 1.47284e-30
0.304197 1.29369e-30
0.30439 1.15167e-30
0.304583 5.42398e-31
0.304776 2.91611e-30
0.304969 4.19295e-30
0.305162 1.84545e-31
0.305355 3.03589e-31
0.305548 4.48278e-30
0.305741 4.4977e-30
0.305934 3.32051e-31
0.306127 4.87343e-31
0.30632 8.59462e-32
0.306513 5.41583e-30
0.306706 5.94607e-30
0.306899 2.39997e-30
0.307092 3.26188e-30
0.307285 1.06044e-30
0.307478 4.42353e-30
0.307671 4.43832e-30
0.307864 2.91859e-30
0.308057 1.45812e-30
0.30825 3.40135e-31
0.308443 1.02126e-30
0.308636 2.34198e-30
0.308829 1.97133e-30
0.309022 2.44766e-30
0.309215 3.90308e-30
0.309408 6.01207e-30
0.309601 9.26316e-30
0.309794 1.53564e-29
0.309987 9.29855e-30
0.31018 1.85841e-30
0.310373 1.18342e-31
0.310566 1.63767e-30
0.310759 1.19745e-30
0.310952 7.3425e-32
0.311145 1.7981e-30
0.311338 3.82493e-32
0.311531 5.77583e-31
0.311724 2.30672e-30
0.311917 4.06519e-31
0.31211 2.73134e-31
0.312303 8.05104e-31
0.312496 3.50415e-30
0.312689 4.79554e-30
0.312882 7.62794e-31
0.313075 8.40486e-31
0.313268 6.82904e-31
0.313461 4.9866e-31
0.313654 1.16624e-30
0.313847 3.64392e-31
0.31404 6.0641e-31
0.314233 2.83243e-30
0.314426 4.30643e-30
0.31462 5.08462e-30
0.314813 5.58178e-31
0.315006 2.88089e-30
0.315199 2.47568e-31
0.315392 3.05004e-31
0.315585 1.30478e-31
0.315778 4.42617e-32
0.315971 6.86818e-31
0.316164 6.48893e-31
0.316357 1.76727e-31
0.31655 3.64636e-31
0.316743 4.25595e-30
0.316936 1.13381e-31
0.317129 6.33266e-31
0.317322 1.92987e-30
0.317515 5.82497e-30
0.317708 4.39007e-32
0.317901 8.64377e-31
0.318094 1.72163e-30
0.318287 1.73986e-30
0.31848 4.56074e-30
0.318673 3.04463e-30
0.318866 1.62989e-30
0.319059 6.55289e-31
0.319252 9.8155e-31
0.319445 1.19688e-30
0.319638 2.25767e-31
0.319831 1.70677e-30
0.320024 2.88331e-31
0.320217 9.40822e-31
0.32041 2.45354e-30
0.320603 2.32259e-30
0.320796 1.71984e-30
0.320989 4.3987e-30
0.321182 1.53516e-30
0.321375 1.42898e-30
0.321568 8.42822e-31
0.321761 4.06496e-31
0.321954 1.8021e-30
0.322147 3.98306e-30
0.32234 2.56816e-31
0.322533 7.44478e-31
0.322726 2.6525e-31
0.322919 2.48517e-30
0.323112 1.72561e-30
0.323305 6.18273e-30
0.323498 6.07772e-30
0.323691 3.94132e-30
0.323884 2.25956e-30
0.324077 6.78952e-31
0.32427 9.19734e-33
0.324463 4.12019e-30
0.324656 2.16819e-30
0.324849 5.7212e-31
0.325042 1.31933e-31
0.325236 3.31982e-31
0.325429 1.24739e-31
0.325622 2.28726e-31
0.325815 1.32628e-30
0.326008 1.36413e-30
0.326201 3.84378e-31
0.326394 6.25018e-30
0.326587 3.44164e-30
0.32678 3.50226e-30
0.326973 5.20835e-30
0.327166 4.36059e-31
0.327359 6.92216e-31
0.327552 3.86389e-30
0.327745 2.31152e-30
0.327938 1.93263e-30
0.328131 3.49909e-30
0.328324 1.48716e-30
0.328517 1.44252e-30
0.32871 6.13634e-32
0.328903 4.22413e-30
0.329096 2.39466e-30
0.329289 3.20727e-30
0.329482 1.24458e-30
0.329675 1.1694e-31
0.329868 3.26859e-30
0.330061 3.43555e-30
0.330254 1.51531e-30
0.330447 5.36897e-30
0.33064 5.97216e-30
0.330833 2.93593e-30
0.331026 3.46548e-30
0.331219 2.48842e-30
0.331412 2.17054e-30
0.331605 5.46258e-30
0.331798 2.31117e-30
0.331991 5.26839e-30
0.332184 1.44352e-31
0.332377 1.69367e-30
0.33257 2.1488e-30
0.332763 3.94375e-30
0.332956 6.43183e-30
0.333149 1.3639e-30
0.333342 1.42189e-33
0.333535 7.71258e-31
0.333728 2.27942e-31
0.333921 1.09096e-30
0.334114 1.55486e-30
0.334307 2.22083e-30
0.3345 1.18899e-31
0.334693 4.4188e-31
0.334886 8.92211e-31
0.335079 7.38557e-31
0.335272 4.36949e-31
0.335465 3.58468e-30
0.335658 9.18767e-31
0.335852 3.1702e-31
0.336045 1.10071e-31
0.336238 1.76611e-30
0.336431 6.49055e-31
0.336624 2.82769e-30
0.336817 1.86485e-30
0.33701 1.40342e-30
0.337203 4.16528e-30
0.337396 3.3237e-30
0.337589 1.33487e-31
0.337782 1.93455e-30
0.337975 1.4442e-30
0.338168 4.50208e-31
0.338361 1.92994e-31
0.338554 2.6008e-31
0.338747 1.46581e-31
0.33894 1.03734e-31
0.339133 7.26127e-31
0.339326 1.36711e-30
0.339519 3.24546e-30
0.339712 6.3929e-31
0.339905 4.24131e-31
0.340098 3.43094e-30
0.340291 2.0146e-30
0.340484 4.88825e-30
0.340677 5.70703e-30
0.34087 2.8718e-30
0.341063 2.00515e-30
0.341256 4.83774e-30
0.341449 6.7238e-30
0.341642 3.74227e-30
0.341835 3.08101e-30
0.342028 1.71471e-30
0.342221 6.06746e-31
0.342414 1.91248e-30
0.342607 3.05826e-30
0.3428 4.10589e-30
0.342993 4.51072e-30
0.343186 1.12838e-29
0.343379 7.39694e-30
0.343572 9.16121e-30
0.343765 4.4208e-30
0.343958 1.18835e-30
0.344151 1.18797e-30
0.344344 1.97219e-30
0.344537 2.15738e-31
0.34473 3.07249e-30
0.344923 1.06298e-30
0.345116 2.07939e-31
0.345309 3.62225e-31
0.345502 6.35641e-31
0.345695 8.63275e-31
0.345888 7.67226e-31
0.346081 2.03298e-30
0.346274 4.07485e-30
0.346467 1.50158e-30
0.346661 2.88371e-30
0.346854 3.2894e-30
0.347047 2.1266e-30
0.34724 2.65115e-30
0.347433 2.26093e-30
0.347626 6.00567e-31
0.347819 1.34732e-30
0.348012 6.36769e-30
0.348205 5.03649e-30
0.348398 3.30167e-30
0.348591 1.30459e-30
0.348784 2.49111e-30
0.348977 1.03101e-30
0.34917 5.31336e-31
0.349363 2.16714e-31
0.349556 1.01208e-30
0.349749 1.18799e-30
0.349942 2.17983e-32
0.350135 8.23139e-31
0.350328 1.09944e-31
0.350521 7.20338e-31
0.350714 2.71418e-31
0.350907 8.81079e-30
0.3511 1.34384e-30
0.351293 2.73359e-30
0.351486 2.18428e-30
0.351679 1.37548e-30
0.351872 8.18444e-30
0.352065 4.09343e-30
0.352258 5.26724e-30
0.352451 1.45668e-30
0.352644 7.7667e-31
0.352837 2.08253e-31
0.35303 1.61083e-30
0.353223 5.90338e-30
0.353416 5.02531e-30
0.353609 2.00467e-31
0.353802 2.31151e-30
0.353995 2.52156e-30
0.354188 3.68202e-30
0.354381 1.7622e-31
0.354574 1.17146e-30
0.354767 9.47931e-31
0.35496 1.50648e-30
0.355153 1.99755e-30
0.355346 1.43454e-30
0.355539 2.60643e-30
0.355732 2.13466e-30
0.355925 1.1816e-32
0.356118 7.82587e-31
0.356311 1.51538e-30
0.356504 7.75376e-31
0.356697 1.77715e-30
0.35689 2.33754e-30
0.357083 1.78164e-30
0.357277 3.00127e-30
0.35747 2.40287e-30
0.357663 2.22941e-30
0.357856 3.8183e-31
0.358049 1.79491e-30
0.358242 1.5897e-30
0.358435 1.69344e-31
0.358628 2.46691e-31
0.358821 2.43813e-32
0.359014 8.89915e-31
0.359207 1.51086e-31
0.3594 1.37962e-30
0.359593 6.34395e-31
0.359786 2.36716e-31
0.359979 1.72207e-30
0.360172 1.06308e-30
0.360365 2.74169e-30
0.360558 2.88849e-31
0.360751 1.39349e-31
0.360944 3.25113e-30
0.361137 1.03073e-30
0.36133 3.40402e-31
0.361523 2.28395e-31
0.361716 1.94205e-30
0.361909 9.7984e-30
0.362102 9.32847e-31
0.362295 2.09442e-30
0.362488 1.3957e-30
0.362681 1.36205e-30
0.362874 2.0096e-30
0.363067 3.97896e-30
0.36326 1.70732e-31
0.363453 9.15314e-31
0.363646 4.88544e-31
0.363839 7.98453e-32
0.364032 1.51773e-30
0.364225 2.4121e-30
0.364418 6.68784e-31
0.364611 5.12685e-30
0.364804 1.02165e-30
0.364997 3.95848e-30
0.36519 2.49742e-31
0.365383 1.15714e-30
0.365576 4.54355e-31
0.365769 1.92109e-30
0.365962 5.19571e-31
0.366155 3.18625e-31
0.366348 9.77353e-32
0.366541 9.76613e-31
0.366734 1.48459e-30
0.366927 1.37998e-31
0.36712 8.02951e-31
0.367313 2.19896e-30
0.367506 5.04425e-31
0.367699 9.5397e-30
0.367893 1.6095e-30
0.368086 2.46319e-30
0.368279 2.21017e-30
0.368472 1.05666e-30
0.368665 4.74801e-31
0.368858 8.36455e-30
0.369051 2.88722e-30
0.369244 3.45733e-30
0.369437 9.09645e-31
0.36963 3.57355e-32
0.369823 5.40733e-31
0.370016 2.01746e-30
0.370209 6.34696e-30
0.370402 1.01941e-30
0.370595 2.55721e-30
0.370788 2.07065e-30
0.370981 1.11541e-30
0.371174 3.2279e-30
0.371367 8.23533e-30
0.37156 2.34883e-30
0.371753 8.798e-31
0.371946 1.36814e-30
0.372139 3.03415e-30
0.372332 1.07576e-31
0.372525 5.96543e-31
0.372718 4.76522e-31
0.372911 3.22935e-31
0.373104 3.4781e-30
0.373297 3.79528e-30
0.37349 1.53037e-30
0.373683 1.6142e-30
0.373876 2.37598e-30
0.374069 2.2465e-30
0.374262 8.31265e-31
0.374455 8.07399e-31
0.374648 1.14165e-30
0.374841 3.05173e-30
0.375034 4.10402e-30
0.375227 2.0697e-30
0.37542 2.24565e-30
0.375613 1.11862e-30
0.375806 1.21102e-31
0.375999 2.92075e-31
0.376192 1.19787e-30
0.376385 1.18231e-30
0.376578 1.30845e-30
0.376771 1.13077e-30
0.376964 5.68888e-30
0.377157 5.91341e-30
0.37735 1.80281e-30
0.377543 2.29719e-31
0.377736 2.20541e-31
0.377929 1.49572e-31
0.378122 1.63481e-30
0.378315 2.03662e-30
0.378509 3.12108e-32
0.378702 1.25892e-30
0.378895 1.26731e-30
0.379088 9.5675e-31
0.379281 1.89405e-30
0.379474 1.34783e-30
0.379667 2.36061e-30
0.37986 6.68744e-30
0.380053 1.8378e-30
0.380246 1.44436e-30
0.380439 1.3481e-30
0.380632 1.61793e-30
0.380825 2.1959e-30
0.381018 3.02871e-30
0.381211 2.69311e-30
0.381404 4.65437e-30
0.381597 1.01601e-30
0.38179 3.97778e-30
0.381983 2.02855e-33
0.382176 6.0781e-30
0.382369 2.55712e-30
0.382562 4.6131e-31
0.382755 8.24915e-31
0.382948 2.61014e-31
0.383141 4.36903e-30
0.383334 1.82801e-30
0.383527 5.18174e-30
0.38372 2.76158e-30
0.383913 4.955e-31
0.384106 1.96293e-31
0.384299 4.64219e-31
0.384492 4.87652e-30
0.384685 2.81974e-30
0.384878 3.23462e-30
0.385071 6.18826e-30
0.385264 6.69332e-30
0.385457 1.47129e-30
0.38565 7.33997e-30
0.385843 2.90783e-30
0.386036 1.49436e-30
0.386229 2.25586e-30
0.386422 9.89885e-31
0.386615 2.71169e-30
0.386808 1.42251e-30
0.387001 2.68271e-30
0.387194 3.1656e-30
0.387387 1.27222e-30
0.38758 2.59707e-30
0.387773 2.21696e-30
0.387966 2.98095e-30
0.388159 2.40519e-30
0.388352 5.23309e-32
0.388545 1.66074e-30
0.388738 2.97158e-32
0.388931 1.25492e-30
0.389124 2.69826e-31
0.389318 1.09849e-31
0.389511 2.43538e-30
0.389704 2.31177e-31
0.389897 2.30025e-30
0.39009 2.27351e-30
0.390283 4.92132e-30
0.390476 3.86474e-30
0.390669 1.19665e-29
0.390862 1.30187e-29
0.391055 4.01335e-30
0.391248 1.934e-30
0.391441 2.46663e-31
0.391634 3.67528e-31
0.391827 2.48046e-30
0.39202 1.44189e-30
0.392213 4.73146e-30
0.392406 8.61549e-31
0.392599 3.76057e-30
0.392792 1.42467e-30
0.392985 1.94825e-31
0.393178 5.9662e-30
0.393371 3.38665e-31
0.393564 6.00066e-33
0.393757 9.46335e-31
0.39395 2.80846e-30
0.394143 9.04443e-31
0.394336 1.16357e-30
0.394529 1.96109e-30
0.394722 1.08429e-32
0.394915 1.52774e-31
0.395108 1.16949e-30
0.395301 7.29622e-31
0.395494 5.2234e-30
0.395687 2.08041e-30
0.39588 1.12622e-30
0.396073 2.55832e-30
0.396266 9.69685e-31
0.396459 4.79467e-31
0.396652 3.02789e-30
0.396845 4.89271e-31
0.397038 9.46875e-32
0.397231 7.14811e-31
0.397424 9.58944e-31
0.397617 2.76274e-31
0.39781 4.40385e-32
0.398003 3.08691e-31
0.398196 6.92557e-32
0.398389 6.76238e-31
0.398582 5.83388e-30
0.398775 9.1531e-31
0.398968 2.56558e-30
0.399161 1.94952e-30
0.399354 1.12418e-30
0.399547 3.63218e-30
0.39974 2.34662e-31
0.399934 3.79977e-30
0.400127 2.37009e-30
0.40032 1.42295e-30
0.400513 1.691e-30
0.400706 1.38596e-30
0.400899 4.13071e-31
0.401092 2.72104e-31
0.401285 2.99084e-30
0.401478 2.17266e-30
0.401671 1.47733e-30
0.401864 6.06129e-30
0.402057 6.70258e-31
0.40225 1.42093e-30
0.402443 2.20209e-30
0.402636 1.57269e-30
0.402829 3.79584e-30
0.403022 7.30893e-30
0.403215 8.73276e-31
0.403408 1.94838e-30
0.403601 3.56399e-31
0.403794 1.14062e-30
0.403987 1.1444e-31
0.40418 2.63892e-33
0.404373 2.74169e-30
0.404566 1.91436e-30
0.404759 3.21302e-31
0.404952 1.98473e-30
0.405145 1.86715e-30
0.405338 1.59565e-30
0.405531 2.01227e-30
0.405724 2.97067e-35
0.405917 3.22125e-31
0.40611 1.92699e-30
0.406303 1.52106e-30
0.406496 1.53433e-30
0.406689 4.40492e-31
0.406882 1.24715e-30
0.407075 3.56137e-31
0.407268 1.01904e-30
0.407461 4.59214e-30
0.407654 5.09087e-31
0.407847 1.03245e-30
0.40804 1.17884e-30
0.408233 8.98838e-31
0.408426 6.53437e-31
0.408619 4.07605e-31
0.408812 3.75578e-30
0.409005 5.11941e-30
0.409198 1.34784e-30
0.409391 9.6174e-31
0.409584 2.03019e-30
0.409777 3.44538e-30
0.40997 5.97127e-31
0.410163 3.63553e-30
0.410356 4.44489e-32
0.41055 2.05113e-30
0.410743 1.57878e-30
0.410936 4.52195e-30
0.411129 4.92219e-30
0.411322 4.19297e-30
0.411515 1.87165e-30
0.411708 1.65731e-30
0.411901 1.11825e-30
0.412094 4.42174e-30
0.412287 3.73323e-30
0.41248 1.2809e-30
0.412673 1.17204e-30
0.412866 2.59128e-30
0.413059 4.07064e-30
0.413252 1.1482e-30
0.413445 7.94544e-31
0.413638 8.4925e-31
0.413831 8.86958e-31
0.414024 1.71126e-30
0.414217 1.69287e-31
0.41441 3.77553e-31
0.414603 2.20053e-31
0.414796 8.17023e-31
0.414989 6.27069e-31
0.415182 2.19026e-30
0.415375 4.99776e-30
0.415568 4.46484e-30
0.415761 1.59973e-30
0.415954 5.95558e-30
0.416147 6.01576e-31
0.41634 1.92089e-31
0.416533 6.18912e-31
0.416726 2.02411e-30
0.416919 6.66954e-31
0.417112 2.64976e-30
0.417305 1.00954e-30
0.417498 5.01336e-31
0.417691 3.06134e-31
0.417884 6.93125e-31
0.418077 1.96784e-30
0.41827 3.76304e-30
0.418463 2.30658e-30
0.418656 1.01432e-29
0.418849 2.11356e-30
0.419042 2.03164e-30
0.419235 6.92853e-30
0.419428 4.04688e-30
0.419621 2.45421e-30
0.419814 5.55232e-30
0.420007 3.49021e-31
0.4202 9.75188e-31
0.420393 4.46144e-30
0.420586 5.36523e-30
0.420779 3.16681e-30
0.420972 5.39095e-31
0.421166 8.44699e-30
0.421359 4.54147e-31
0.421552 1.15007e-30
0.421745 4.26206e-31
0.421938 8.50032e-31
0.422131 4.67485e-31
0.422324 3.80208e-31
0.422517 1.03714e-31
0.42271 1.51323e-30
0.422903 1.94966e-30
0.423096 6.7266e-31
0.423289 2.80776e-30
0.423482 8.34029e-31
0.423675 7.15021e-31
0.423868 4.45651e-30
0.424061 3.9591e-30
0.424254 7.66126e-30
0.424447 1.56441e-30
0.42464 5.52492e-30
0.424833 1.83949e-30
0.425026 5.85127e-31
0.425219 4.54641e-33
0.425412 1.98017e-30
0.425605 2.06509e-30
0.425798 1.19446e-30
0.425991 2.52015e-30
0.426184 2.03231e-30
0.426377 2.08228e-30
0.42657 1.18508e-30
0.426763 7.70777e-32
0.426956 3.20572e-32
0.427149 4.29118e-31
0.427342 6.12319e-31
0.427535 4.35561e-31
0.427728 4.62648e-30
0.427921 2.02697e-30
0.428114 6.8743e-31
0.428307 2.22611e-30
0.4285 3.75212e-31
0.428693 2.63461e-32
0.428886 2.75974e-30
0.429079 8.09605e-30
0.429272 8.54364e-30
0.429465 1.03139e-29
0.429658 3.1269e-30
0.429851 4.4898e-30
0.430044 1.17681e-30
0.430237 2.50448e-30
0.43043 1.4249e-30
0.430623 1.47433e-30
0.430816 1.72356e-30
0.431009 2.60681e-30
0.431202 4.73413e-30
0.431395 6.37375e-30
0.431588 6.20146e-30
0.431781 1.08276e-30
0.431975 2.48085e-30
0.432168 3.17508e-30
0.432361 2.33871e-30
0.432554 4.00518e-30
0.432747 3.43966e-30
0.43294 2.85206e-31
0.433133 4.05011e-31
0.433326 1.24081e-31
0.433519 1.45605e-30
0.433712 2.69033e-30
0.433905 1.13235e-30
0.434098 7.38788e-31
0.434291 6.61091e-31
0.434484 1.34237e-30
0.434677 4.09161e-31
0.43487 6.13078e-31
0.435063 6.16552e-31
0.435256 1.00076e-30
0.435449 3.60117e-30
0.435642 4.52788e-31
0.435835 1.09932e-30
0.436028 9.89155e-31
0.436221 1.19533e-30
0.436414 9.61248e-31
0.436607 3.12719e-31
0.4368 4.62549e-31
0.436993 8.24268e-31
0.437186 9.42421e-31
0.437379 1.13503e-30
0.437572 1.2563e-30
0.437765 1.19825e-31
0.437958 2.86333e-30
0.438151 5.58182e-33
0.438344 1.52618e-30
0.438537 1.80832e-30
0.43873 7.98338e-31
0.438923 4.53165e-31
0.439116 1.57042e-30
0.439309 1.56621e-31
0.439502 3.81045e-31
0.439695 2.79961e-31
0.439888 1.33607e-30
0.440081 2.0896e-30
0.440274 6.66189e-31
0.440467 7.08506e-31
0.44066 6.15945e-31
0.440853 9.20476e-31
0.441046 1.83568e-30
